CoC
35.47
6.2
E     f1    f2
10.0000  -9999.00000  1.11380
10.1617  -9999.00000  1.15539
10.3261  -9999.00000  1.19873
10.4931  -9999.00000  1.24392
10.6628  -9999.00000  1.29102
10.8353  -9999.00000  1.34085
11.0106  -9999.00000  1.39493
11.1886  -9999.00000  1.45156
11.3696  -9999.00000  1.51087
11.5535  -9999.00000  1.57300
11.7404  -9999.00000  1.63809
11.9303  -9999.00000  1.70630
12.1232  -9999.00000  1.76827
12.3193  -9999.00000  1.83210
12.5186  -9999.00000  1.89879
12.7210  -9999.00000  1.96849
12.9268  -9999.00000  2.04133
13.1359  -9999.00000  2.11750
13.3483  -9999.00000  2.19715
13.5642  -9999.00000  2.26527
13.7836  -9999.00000  2.33305
14.0066  -9999.00000  2.40307
14.2331  -9999.00000  2.47541
14.4633  -9999.00000  2.55008
14.6973  -9999.00000  2.62157
14.9350  -9999.00000  2.68364
15.1765  -9999.00000  2.74722
15.4220  -9999.00000  2.81234
15.6714  -9999.00000  2.87903
15.9249  -9999.00000  2.94734
16.1825  -9999.00000  3.01234
16.4442  -9999.00000  3.06288
16.7102  -9999.00000  3.11430
16.9805  -9999.00000  3.16660
17.2551  -9999.00000  3.21533
17.5342  -9999.00000  3.26073
17.8178  -9999.00000  3.30405
18.1060  -9999.00000  3.33710
18.3989  -9999.00000  3.37053
18.6964  -9999.00000  3.40435
18.9988  -9999.00000  3.43856
19.3061  -9999.00000  3.47316
19.6184  -9999.00000  3.50816
19.9357  -9999.00000  3.54349
20.2582  -9999.00000  3.57750
20.5858  -9999.00000  3.59590
20.9188  -9999.00000  3.60739
21.2571  -9999.00000  3.61926
21.6009  -9999.00000  3.63150
21.9503  -9999.00000  3.64411
22.3053  -9999.00000  3.65711
22.6661  -9999.00000  3.67050
23.0327  -9999.00000  3.68193
23.4053  -9999.00000  3.67989
23.7838  -9999.00000  3.67860
24.1685  -9999.00000  3.67806
24.5594  -9999.00000  3.67412
24.9566  -9999.00000  3.66718
25.3603  -9999.00000  3.66080
25.7705  -9999.00000  3.65498
26.1873  -9999.00000  3.64940
26.6109  -9999.00000  3.63994
27.0413  -9999.00000  3.63117
27.4786  -9999.00000  3.62311
27.9231  -9999.00000  3.61574
28.3747  -9999.00000  3.60384
28.8337  -9999.00000  3.57511
29.3000  3.80785  3.54686
29.7739  3.86230  3.51909
30.2555  3.91354  3.48976
30.7449  3.96098  3.46093
31.2421  4.00576  3.43263
31.7475  4.04846  3.40485
32.2609  4.08963  3.37757
32.7827  4.13097  3.35079
33.3130  4.17483  3.31900
33.8518  4.21064  3.28325
34.3993  4.24132  3.24804
34.9557  4.26803  3.21336
35.5211  4.29113  3.18063
36.0956  4.31206  3.14860
36.6794  4.33009  3.11701
37.2727  4.34416  3.08585
37.8755  4.35579  3.05968
38.4882  4.36746  3.03419
39.1107  4.37914  3.00906
39.7432  4.39002  2.98192
40.3861  4.39643  2.95314
41.0393  4.39907  2.92488
41.7031  4.39823  2.89714
42.3776  4.39382  2.87008
43.0630  4.38585  2.84359
43.7595  4.37390  2.81758
44.4673  4.35698  2.79205
45.1865  4.33432  2.76747
45.9174  4.30723  2.74822
46.6600  4.27727  2.72922
47.4147  4.24239  2.71071
48.1816  4.20134  2.69243
48.9609  4.15259  2.67435
49.7528  4.09392  2.65649
50.5576  4.02159  2.63883
51.3753  3.93319  2.62818
52.2062  3.82913  2.62011
53.0506  3.69226  2.61576
53.9087  3.53708  2.65304
54.7806  3.36434  2.69321
55.6667  3.13639  2.75235
56.5670  2.83231  2.83899
57.4820  2.32157  3.15384
58.4117  2.01651  3.75832
59.3564  1.91412  4.51086
60.3165  2.18047  5.44734
61.2921  2.99257  5.93012
62.2834  3.63067  6.11704
63.2908  4.19899  6.05391
64.3145  4.58351  5.91901
65.3547  4.85211  5.79739
66.4118  5.07856  5.68911
67.4859  5.27125  5.58281
68.5775  5.43406  5.47848
69.6867  5.56983  5.37612
70.8138  5.67459  5.28391
71.9591  5.77268  5.20853
73.1230  5.86150  5.13423
74.3057  5.93814  5.06099
75.5076  5.99790  4.98882
76.7289  6.02451  4.91861
77.9699  6.05219  4.90950
79.2310  6.09919  4.90054
80.5125  6.15284  4.89173
81.8147  6.20944  4.88306
83.1380  6.26746  4.87453
84.4827  6.32602  4.86614
85.8491  6.38453  4.85789
87.2377  6.44247  4.84978
88.6487  6.49904  4.84179
90.0825  6.55170  4.83394
91.5395  6.60264  4.83529
93.0201  6.65916  4.83977
94.5246  6.71878  4.84440
96.0535  6.78061  4.84919
97.6071  6.84451  4.85412
99.1858  6.91060  4.85920
100.7900  6.97941  4.86442
102.4200  7.05238  4.86978
104.0770  7.13546  4.87082
105.7600  7.21287  4.85671
107.4710  7.28472  4.84271
109.2090  7.35342  4.82884
110.9750  7.42037  4.81509
112.7700  7.48595  4.80144
114.5940  7.55058  4.78791
116.4480  7.61435  4.77450
118.3310  7.67751  4.76120
120.2450  7.74015  4.74800
122.1900  7.80238  4.73491
124.1660  7.86430  4.72192
126.1750  7.92551  4.70904
128.2150  7.98058  4.70150
130.2890  8.05548  4.70245
132.3970  8.13016  4.67947
134.5380  8.19812  4.65599
136.7140  8.26195  4.63270
138.9250  8.32371  4.60959
141.1720  8.38399  4.58668
143.4560  8.44322  4.56396
145.7760  8.50164  4.54139
148.1340  8.55949  4.51895
150.5300  8.61693  4.49667
152.9640  8.67439  4.47465
155.4390  8.73257  4.45275
157.9530  8.79325  4.43100
160.5070  8.85412  4.40306
163.1030  8.91492  4.37247
165.7420  8.97058  4.33845
168.4220  9.02308  4.30467
171.1460  9.07330  4.27119
173.9150  9.12182  4.23799
176.7270  9.16889  4.20513
179.5860  9.21484  4.17255
182.4910  9.26004  4.14025
185.4420  9.30533  4.10821
188.4420  9.35088  4.07427
191.4890  9.39651  4.03863
194.5870  9.43799  3.99825
197.7340  9.47569  3.95838
200.9320  9.51064  3.91898
204.1820  9.54342  3.87995
207.4850  9.57476  3.84091
210.8400  9.60476  3.80176
214.2510  9.63154  3.75908
217.7160  9.65402  3.71673
221.2370  9.67250  3.67499
224.8160  9.68768  3.63405
228.4520  9.69951  3.59355
232.1470  9.70771  3.55347
235.9020  9.71230  3.51389
239.7170  9.71331  3.47341
243.5950  9.70783  3.43173
247.5350  9.69532  3.38902
251.5380  9.67272  3.34579
255.6070  9.63821  3.30319
259.7410  9.58903  3.26113
263.9420  9.51989  3.21967
268.2110  9.42208  3.17877
272.5490  9.27474  3.13594
276.9570  9.02731  3.09295
281.4370  8.47124  3.05032
285.9890  8.27449  5.01554
290.6150  9.15893  4.93643
295.3150  9.56423  4.85863
300.0920  9.83918  4.78137
304.9450  10.05078  4.70470
309.8780  10.22323  4.62850
314.8900  10.36907  4.55345
319.9830  10.49560  4.47968
325.1580  10.60782  4.40723
330.4180  10.70830  4.33501
335.7620  10.79894  4.26354
341.1920  10.88087  4.19274
346.7110  10.95532  4.12307
352.3190  11.02351  4.05456
358.0170  11.08673  3.98722
363.8080  11.14521  3.91993
369.6920  11.19917  3.85353
375.6720  11.25020  3.78814
381.7480  11.29813  3.72017
387.9220  11.34060  3.65096
394.1970  11.37709  3.58256
400.5730  11.40919  3.51513
407.0520  11.43705  3.44887
413.6350  11.46130  3.38392
420.3260  11.48205  3.31973
427.1240  11.49946  3.25659
434.0320  11.51331  3.19428
441.0520  11.52382  3.13319
448.1860  11.53139  3.07320
455.4350  11.53577  3.01397
462.8020  11.53694  2.95578
470.2870  11.53499  2.89868
477.8940  11.53037  2.84270
485.6230  11.52286  2.78688
493.4780  11.51143  2.73108
501.4590  11.49589  2.67642
509.5700  11.47655  2.62289
517.8120  11.45311  2.57053
526.1870  11.42569  2.51953
534.6980  11.39433  2.47012
543.3460  11.35926  2.42199
552.1340  11.32042  2.37485
561.0650  11.27707  2.32731
570.1390  11.22749  2.28023
579.3610  11.17176  2.23493
588.7320  11.10992  2.19081
598.2540  11.04140  2.14774
607.9300  10.96539  2.10550
617.7630  10.88084  2.06415
627.7550  10.78689  2.02356
637.9080  10.68185  1.98280
648.2260  10.56300  1.94144
658.7110  10.42636  1.90002
669.3650  10.26831  1.85951
680.1910  10.08458  1.82315
691.1930  9.87246  1.79015
702.3720  9.62541  1.75838
713.7330  9.32687  1.72328
725.2770  8.94960  1.68625
737.0080  8.45352  1.65003
748.9280  7.75315  1.61461
761.0420  6.61499  1.57997
773.3510  3.77453  1.54611
778.0000  -5.16049  1.53372
778.2000  -5.15432  8.86853
785.8590  5.12512  8.76577
798.5700  7.51403  8.60022
811.4860  8.74690  8.43787
824.6110  9.59030  8.27858
837.9490  10.23149  8.12228
851.5020  10.74791  7.96936
865.2740  11.17616  7.80791
879.2690  11.52342  7.63952
893.4910  11.73577  7.46850
907.9430  11.85164  7.43934
922.6280  12.07393  7.56383
937.5510  12.42712  7.69108
952.7150  12.90423  7.65990
968.1240  13.29739  7.47579
983.7830  13.57652  7.29629
999.6950  13.81721  7.12266
1015.8600  14.02220  6.95484
1032.2900  14.20922  6.80590
1048.9900  14.38711  6.65761
1065.9600  14.55034  6.50963
1083.2000  14.69965  6.36505
1100.7200  14.83764  6.22365
1118.5200  14.96568  6.08546
1136.6100  15.08466  5.95026
1155.0000  15.19546  5.81812
1173.6800  15.29898  5.68894
1192.6600  15.39595  5.56262
1211.9500  15.48691  5.43909
1231.5500  15.57337  5.31835
1251.4700  15.65507  5.19879
1271.7200  15.73220  5.08024
1292.2900  15.80332  4.96237
1313.1900  15.86849  4.84731
1334.4300  15.92908  4.73492
1356.0100  15.98551  4.62511
1377.9400  16.03813  4.51786
1400.2300  16.08735  4.41312
1422.8800  16.13347  4.31082
1445.8900  16.17695  4.21087
1469.2800  16.21805  4.11291
1493.0400  16.25751  4.01672
1517.1900  16.29404  3.92049
1541.7300  16.32685  3.82624
1566.6700  16.35687  3.73423
1592.0100  16.38445  3.64448
1617.7600  16.40994  3.55690
1643.9200  16.43350  3.47143
1670.5100  16.45548  3.38806
1697.5300  16.47618  3.30668
1724.9900  16.49657  3.22722
1752.8900  16.51549  3.14693
1781.2400  16.53210  3.06773
1810.0500  16.54603  2.98988
1839.3200  16.55797  2.91403
1869.0700  16.56823  2.84008
1899.3000  16.57707  2.76798
1930.0200  16.58452  2.69772
1961.2400  16.59089  2.62926
1992.9600  16.59584  2.56260
2025.2000  16.60102  2.49877
2057.9500  16.60571  2.43408
2091.2400  16.60889  2.37089
2125.0600  16.61085  2.30897
2159.4300  16.61163  2.24851
2194.3600  16.61164  2.18957
2229.8500  16.61077  2.13192
2265.9200  16.60907  2.07559
2302.5700  16.60659  2.02062
2339.8100  16.60340  1.96692
2377.6600  16.59952  1.91457
2416.1100  16.59502  1.86338
2455.1900  16.58994  1.81359
2494.9000  16.58433  1.76489
2535.2600  16.57815  1.71742
2576.2600  16.57149  1.67114
2617.9300  16.56441  1.62600
2660.2700  16.55685  1.58199
2703.3000  16.54892  1.53909
2747.0300  16.54060  1.49726
2791.4600  16.53191  1.45651
2836.6100  16.52294  1.41681
2882.4900  16.51365  1.37810
2929.1100  16.50402  1.34041
2976.4800  16.49417  1.30368
3024.6300  16.48404  1.26790
3073.5500  16.47369  1.23307
3123.2600  16.46310  1.19913
3173.7800  16.45234  1.16609
3225.1100  16.44134  1.13394
3277.2700  16.43017  1.10263
3330.2800  16.41881  1.07215
3384.1500  16.40733  1.04247
3438.8800  16.39566  1.01359
3494.5000  16.38382  0.98550
3551.0200  16.37189  0.95816
3608.4600  16.35979  0.93155
3666.8200  16.34755  0.90566
3726.1300  16.33523  0.88047
3786.4000  16.32272  0.85597
3847.6400  16.31009  0.83213
3909.8700  16.29737  0.80895
3973.1100  16.28447  0.78639
4037.3800  16.27143  0.76447
4102.6800  16.25832  0.74315
4169.0300  16.24502  0.72241
4236.4600  16.23158  0.70225
4304.9800  16.21796  0.68266
4374.6200  16.20420  0.66358
4445.3700  16.19022  0.64507
4517.2700  16.17609  0.62704
4590.3300  16.16173  0.60955
4664.5800  16.14714  0.59252
4740.0300  16.13226  0.57598
4816.6900  16.11714  0.55990
4894.6000  16.10174  0.54427
4973.7700  16.08595  0.52908
5054.2100  16.06982  0.51435
5135.9600  16.05330  0.50000
5219.0300  16.03630  0.48606
5303.4400  16.01882  0.47253
5389.2200  16.00074  0.45938
5476.3900  15.98202  0.44660
5564.9700  15.96257  0.43418
5654.9800  15.94233  0.42212
5746.4400  15.92115  0.41038
5839.3900  15.89888  0.39901
5933.8300  15.87543  0.38795
6029.8100  15.85058  0.37721
6127.3300  15.82409  0.36677
6226.4400  15.79567  0.35664
6327.1500  15.76500  0.34679
6429.4800  15.73160  0.33723
6533.4800  15.69490  0.32794
6639.1500  15.65421  0.31892
6746.5400  15.60844  0.31016
6855.6500  15.55622  0.30166
6966.5400  15.49536  0.29339
7079.2200  15.42271  0.28537
7193.7200  15.33301  0.27758
7310.0700  15.21658  0.27001
7428.3100  15.05300  0.26266
7548.4500  14.78508  0.25553
7670.5400  14.06727  0.24859
7708.8000  10.95013  0.24648
7709.0000  10.95033  1.90227
7794.6100  14.54262  1.87185
7920.6800  15.04907  1.82851
8048.7900  15.32024  1.78579
8178.9800  15.50801  1.74368
8311.2600  15.65188  1.70220
8445.6900  15.76827  1.66145
8582.2900  15.86565  1.62130
8721.1100  15.94905  1.58186
8862.1600  16.02160  1.54308
9005.5000  16.08551  1.50501
9151.1600  16.14233  1.46766
9299.1700  16.19315  1.43095
9449.5800  16.23892  1.39496
9602.4200  16.28030  1.35967
9757.7300  16.31779  1.32502
9915.5500  16.35188  1.29116
10075.9000  16.38303  1.25793
10238.9000  16.41148  1.22540
10404.5000  16.43749  1.19354
10572.8000  16.46131  1.16235
10743.8000  16.48312  1.13185
10917.6000  16.50310  1.10200
11094.2000  16.52142  1.07281
11273.6000  16.53821  1.04427
11455.9000  16.55359  1.01638
11641.2000  16.56763  0.98912
11829.5000  16.58048  0.96248
12020.8000  16.59222  0.93647
12215.3000  16.60293  0.91105
12412.8000  16.61268  0.88625
12613.6000  16.62154  0.86203
12817.6000  16.62956  0.83839
13025.0000  16.63682  0.81532
13235.6000  16.64334  0.79282
13449.7000  16.64917  0.77087
13667.2000  16.65439  0.74945
13888.3000  16.65903  0.72857
14112.9000  16.66316  0.70822
14341.2000  16.66670  0.68837
14573.1000  16.66984  0.66903
14808.9000  16.67247  0.65018
15048.4000  16.67472  0.63181
15291.8000  16.67657  0.61392
15539.1000  16.67802  0.59648
15790.4000  16.67918  0.57950
16045.8000  16.68003  0.56297
16305.4000  16.68054  0.54687
16569.1000  16.68080  0.53119
16837.1000  16.68082  0.51593
17109.4000  16.68058  0.50107
17386.1000  16.68015  0.48661
17667.4000  16.67947  0.47254
17953.1000  16.67865  0.45885
18243.5000  16.67762  0.44553
18538.6000  16.67645  0.43256
18838.4000  16.67508  0.41995
19143.1000  16.67360  0.40769
19452.7000  16.67204  0.39576
19767.4000  16.67028  0.38416
20087.1000  16.66846  0.37288
20412.0000  16.66656  0.36191
20742.1000  16.66455  0.35125
21077.6000  16.66244  0.34088
21418.5000  16.66028  0.33080
21765.0000  16.65803  0.32100
22117.0000  16.65572  0.31148
22474.7000  16.65337  0.30223
22838.2000  16.65097  0.29324
23207.6000  16.64852  0.28450
23583.0000  16.64603  0.27601
23964.4000  16.64353  0.26776
24352.0000  16.64098  0.25974
24745.9000  16.63844  0.25196
25146.2000  16.63585  0.24440
25552.9000  16.63325  0.23705
25966.2000  16.63067  0.22992
26386.1000  16.62803  0.22299
26812.9000  16.62544  0.21626
27246.6000  16.62280  0.20973
27687.3000  16.62022  0.20338
28135.1000  16.61758  0.19722
28590.2000  16.61500  0.19124
29052.6000  16.61247  0.18543
29522.5000  16.61044  0.17980
30000.0000  16.60565  0.17432
