CoO
37.46
6.2
E     f1    f2
10.0000  -9999.00000  1.06200
10.1617  -9999.00000  1.08324
10.3261  -9999.00000  1.10311
10.4931  -9999.00000  1.12351
10.6628  -9999.00000  1.14446
10.8353  -9999.00000  1.16599
11.0106  -9999.00000  1.18809
11.1886  -9999.00000  1.21079
11.3696  -9999.00000  1.23411
11.5535  -9999.00000  1.25805
11.7404  -9999.00000  1.28265
11.9303  -9999.00000  1.30862
12.1232  -9999.00000  1.32962
12.3193  -9999.00000  1.35034
12.5186  -9999.00000  1.37145
12.7210  -9999.00000  1.39298
12.9268  -9999.00000  1.41492
13.1359  -9999.00000  1.43728
13.3483  -9999.00000  1.46006
13.5642  -9999.00000  1.48591
13.7836  -9999.00000  1.51465
14.0066  -9999.00000  1.54394
14.2331  -9999.00000  1.57380
14.4633  -9999.00000  1.60417
14.6973  -9999.00000  1.63670
14.9350  -9999.00000  1.67707
15.1765  -9999.00000  1.71856
15.4220  -9999.00000  1.76119
15.6714  -9999.00000  1.82421
15.9249  -9999.00000  1.90256
16.1825  -9999.00000  1.98693
16.4442  -9999.00000  2.07793
16.7102  -9999.00000  2.17619
16.9805  -9999.00000  2.28246
17.2551  -9999.00000  2.39305
17.5342  -9999.00000  2.50907
17.8178  -9999.00000  2.63926
18.1060  -9999.00000  2.78865
18.3989  -9999.00000  2.95322
18.6964  -9999.00000  3.13466
18.9988  -9999.00000  3.29090
19.3061  -9999.00000  3.39609
19.6184  -9999.00000  3.50566
19.9357  -9999.00000  3.59289
20.2582  -9999.00000  3.64408
20.5858  -9999.00000  3.69599
20.9188  -9999.00000  3.74865
21.2571  -9999.00000  3.80207
21.6009  -9999.00000  3.85350
21.9503  -9999.00000  3.89887
22.3053  -9999.00000  3.94478
22.6661  -9999.00000  3.99124
23.0327  -9999.00000  4.03825
23.4053  -9999.00000  4.08582
23.7838  -9999.00000  4.13396
24.1685  -9999.00000  4.17718
24.5594  -9999.00000  4.20960
24.9566  -9999.00000  4.23866
25.3603  -9999.00000  4.26795
25.7705  -9999.00000  4.29746
26.1873  -9999.00000  4.32720
26.6109  -9999.00000  4.35717
27.0413  -9999.00000  4.38737
27.4786  -9999.00000  4.41779
27.9231  -9999.00000  4.44846
28.3747  -9999.00000  4.47414
28.8337  -9999.00000  4.48255
29.3000  2.63680  4.49101
29.7739  2.71306  4.49954
30.2555  2.78712  4.50812
30.7449  2.85971  4.51676
31.2421  2.93133  4.52545
31.7475  3.00252  4.53420
32.2609  3.07383  4.54300
32.7827  3.14705  4.55186
33.3130  3.22472  4.55528
33.8518  3.29649  4.55433
34.3993  3.36572  4.55350
34.9557  3.43441  4.55280
35.5211  3.50438  4.55222
36.0956  3.57881  4.55178
36.6794  3.65853  4.53163
37.2727  3.72098  4.50623
37.8755  3.77617  4.48554
38.4882  3.82840  4.46525
39.1107  3.87744  4.44505
39.7432  3.92320  4.42495
40.3861  3.96579  4.40494
41.0393  4.00523  4.38504
41.7031  4.04147  4.36523
42.3776  4.07447  4.34569
43.0630  4.10431  4.32632
43.7595  4.13079  4.30704
44.4673  4.15369  4.28786
45.1865  4.17279  4.26876
45.9174  4.18776  4.24976
46.6600  4.19827  4.23086
47.4147  4.20423  4.21232
48.1816  4.20608  4.19386
48.9609  4.20561  4.17088
49.7528  4.19074  4.13776
50.5576  4.15635  4.10498
51.3753  4.10311  4.07934
52.2062  4.03244  4.05642
53.0506  3.92802  4.03735
53.9087  3.80523  4.05794
54.7806  3.66168  4.07994
55.6667  3.46055  4.12114
56.5670  3.18157  4.19007
57.4820  2.69437  4.48744
58.4117  2.41138  5.07466
59.3564  2.32959  5.81016
60.3165  2.61475  6.72982
61.2921  3.44306  7.19730
62.2834  4.09770  7.37227
63.2908  4.68358  7.29727
64.3145  5.08576  7.15059
65.3547  5.37188  7.01728
66.4118  5.61566  6.89738
67.4859  5.82543  6.77956
68.5775  6.00502  6.66378
69.6867  6.15718  6.55006
70.8138  6.27797  6.44704
71.9591  6.39220  6.36103
73.1230  6.49705  6.27618
74.3057  6.58963  6.19245
75.5076  6.66519  6.10986
76.7289  6.70748  6.02932
77.9699  6.75071  6.00992
79.2310  6.81318  5.99076
80.5125  6.88218  5.97182
81.8147  6.95407  5.95308
83.1380  7.02732  5.93456
84.4827  7.10107  5.91624
85.8491  7.17478  5.89815
87.2377  7.24795  5.88025
88.6487  7.31982  5.86256
90.0825  7.38789  5.84506
91.5395  7.45445  5.83685
93.0201  7.52689  5.83183
94.5246  7.60289  5.82704
96.0535  7.68187  5.82247
97.6071  7.76439  5.81811
99.1858  7.85322  5.81147
100.7900  7.94121  5.79857
102.4200  8.03039  5.78617
104.0770  8.12788  5.76978
105.7600  8.21854  5.73857
107.4710  8.30273  5.70781
109.2090  8.38300  5.67748
110.9750  8.46087  5.64759
112.7700  8.53683  5.61811
114.5940  8.61133  5.58905
116.4480  8.68452  5.56039
118.3310  8.75671  5.53215
120.2450  8.82803  5.50428
122.1900  8.89861  5.47680
124.1660  8.96858  5.44971
126.1750  9.03753  5.42298
128.2150  9.10004  5.40186
130.2890  9.18206  5.38950
132.3970  9.26336  5.35344
134.5380  9.33733  5.31778
136.7140  9.40756  5.28362
138.9250  9.47630  5.24982
141.1720  9.54384  5.21638
143.4560  9.61055  5.18330
145.7760  9.67662  5.15055
148.1340  9.74234  5.11810
150.5300  9.80783  5.08596
152.9640  9.87356  5.05424
155.4390  9.94026  5.02281
157.9530  10.00971  4.99167
160.5070  10.07967  4.95450
163.1030  10.14990  4.91483
165.7420  10.21538  4.87187
168.4220  10.27819  4.82930
171.1460  10.33929  4.78717
173.9150  10.39942  4.74547
176.7270  10.45904  4.70424
179.5860  10.51928  4.66343
182.4910  10.58256  4.62066
185.4420  10.64238  4.57308
188.4420  10.70063  4.52530
191.4890  10.75875  4.47625
194.5870  10.81264  4.42286
197.7340  10.86293  4.37036
200.9320  10.91080  4.31871
204.1820  10.95698  4.26779
207.4850  11.00242  4.21723
210.8400  11.04734  4.16688
214.2510  11.09011  4.11335
217.7160  11.12982  4.06046
221.2370  11.16710  4.00840
224.8160  11.20267  3.95725
228.4520  11.23679  3.90685
232.1470  11.26958  3.85716
235.9020  11.30155  3.80828
239.7170  11.33215  3.75930
243.5950  11.36160  3.71128
247.5350  11.39030  3.66262
251.5380  11.41718  3.61451
255.6070  11.44278  3.56708
259.7410  11.46734  3.52026
263.9420  11.49105  3.47409
268.2110  11.51493  3.42855
272.5490  11.53782  3.38113
276.9570  11.55861  3.33354
281.4370  11.57742  3.28628
285.9890  11.59457  3.23954
290.6150  11.61022  3.19349
295.3150  11.62490  3.14815
300.0920  11.63847  3.10274
304.9450  11.65100  3.05735
309.8780  11.66149  3.01184
314.8900  11.67011  2.96692
319.9830  11.67714  2.92273
325.1580  11.68321  2.87930
330.4180  11.68787  2.83557
335.7620  11.69096  2.79207
341.1920  11.69204  2.74872
346.7110  11.69111  2.70600
352.3190  11.68844  2.66394
358.0170  11.68446  2.62255
363.8080  11.67870  2.58074
369.6920  11.67057  2.53935
375.6720  11.66017  2.49852
381.7480  11.64767  2.45835
387.9220  11.63325  2.41857
394.1970  11.61629  2.37882
400.5730  11.59659  2.33936
407.0520  11.57386  2.30041
413.6350  11.54821  2.26212
420.3260  11.51934  2.22399
427.1240  11.48696  2.18630
434.0320  11.45035  2.14885
441.0520  11.40924  2.11204
448.1860  11.36337  2.07577
455.4350  11.31181  2.03971
462.8020  11.25362  2.00417
470.2870  11.18774  1.96919
477.8940  11.11302  1.93481
485.6230  11.02690  1.90014
493.4780  10.92572  1.86575
501.4590  10.80469  1.83200
509.5700  10.65582  1.79887
517.8120  10.46328  1.76641
526.1870  10.19204  1.73484
534.6980  9.72683  1.70439
543.0000  6.79082  1.67487
543.2000  6.74700  3.74008
543.3460  7.29822  3.71201
552.1340  9.69827  3.63359
561.0650  10.13007  3.55765
570.1390  10.36152  3.48378
579.3610  10.50389  3.41292
588.7320  10.59313  3.34387
598.2540  10.64453  3.27647
607.9300  10.66592  3.21036
617.7630  10.66116  3.14459
627.7550  10.63115  3.07858
637.9080  10.57495  3.01128
648.2260  10.48892  2.94296
658.7110  10.36763  2.87726
669.3650  10.20877  2.81512
680.1910  10.00580  2.75920
691.1930  9.74883  2.70569
702.3720  9.41503  2.65252
713.7330  8.96201  2.59721
725.2770  8.30024  2.54094
737.0080  7.19749  2.48599
748.9280  4.39007  2.43222
761.0420  -4.51346  2.39179
773.3510  -4.47720  9.69420
785.8590  5.83002  9.56679
798.5700  8.24364  9.38138
811.4860  9.49900  9.19968
824.6110  10.36293  9.02150
837.9490  11.02275  8.84679
851.5020  11.55579  8.67685
865.2740  11.99958  8.49979
879.2690  12.36244  8.31702
893.4910  12.59018  8.13190
907.9430  12.72123  8.08892
922.6280  12.95862  8.19986
937.5510  13.32672  8.31203
952.7150  13.81734  8.26566
968.1240  14.22266  8.06635
983.7830  14.51287  7.87202
999.6950  14.76372  7.68398
1015.8600  14.97810  7.50216
1032.2900  15.17395  7.33993
1048.9900  15.36039  7.17852
1065.9600  15.53153  7.01757
1083.2000  15.68820  6.86034
1100.7200  15.83306  6.70659
1118.5200  15.96752  6.55638
1136.6100  16.09250  6.40944
1155.0000  16.20894  6.26586
1173.6800  16.31773  6.12550
1192.6600  16.41962  5.98829
1211.9500  16.51521  5.85413
1231.5500  16.60603  5.72303
1251.4700  16.69185  5.59331
1271.7200  16.77287  5.46479
1292.2900  16.84754  5.33709
1313.1900  16.91595  5.21245
1334.4300  16.97955  5.09073
1356.0100  17.03874  4.97183
1377.9400  17.09393  4.85574
1400.2300  17.14555  4.74236
1422.8800  17.19388  4.63163
1445.8900  17.23943  4.52348
1469.2800  17.28252  4.41749
1493.0400  17.32384  4.31341
1517.1900  17.36208  4.20928
1541.7300  17.39630  4.10731
1566.6700  17.42756  4.00780
1592.0100  17.45622  3.91074
1617.7600  17.48265  3.81603
1643.9200  17.50702  3.72365
1670.5100  17.52970  3.63352
1697.5300  17.55101  3.54557
1724.9900  17.57193  3.45971
1752.8900  17.59130  3.37311
1781.2400  17.60825  3.28775
1810.0500  17.62239  3.20388
1839.3200  17.63444  3.12216
1869.0700  17.64473  3.04251
1899.3000  17.65350  2.96487
1930.0200  17.66083  2.88921
1961.2400  17.66703  2.81551
1992.9600  17.67173  2.74375
2025.2000  17.67665  2.67502
2057.9500  17.68106  2.60546
2091.2400  17.68390  2.53752
2125.0600  17.68547  2.47097
2159.4300  17.68579  2.40600
2194.3600  17.68531  2.34267
2229.8500  17.68391  2.28074
2265.9200  17.68165  2.22024
2302.5700  17.67858  2.16121
2339.8100  17.67476  2.10355
2377.6600  17.67023  2.04735
2416.1100  17.66505  1.99241
2455.1900  17.65928  1.93896
2494.9000  17.65295  1.88671
2535.2600  17.64604  1.83577
2576.2600  17.63863  1.78611
2617.9300  17.63077  1.73769
2660.2700  17.62243  1.69048
2703.3000  17.61370  1.64447
2747.0300  17.60458  1.59961
2791.4600  17.59508  1.55590
2836.6100  17.58528  1.51332
2882.4900  17.57516  1.47182
2929.1100  17.56471  1.43140
2976.4800  17.55401  1.39201
3024.6300  17.54303  1.35365
3073.5500  17.53183  1.31631
3123.2600  17.52040  1.27992
3173.7800  17.50878  1.24450
3225.1100  17.49693  1.21002
3277.2700  17.48490  1.17645
3330.2800  17.47270  1.14377
3384.1500  17.46035  1.11195
3438.8800  17.44785  1.08099
3494.5000  17.43516  1.05087
3551.0200  17.42238  1.02155
3608.4600  17.40944  0.99302
3666.8200  17.39636  0.96526
3726.1300  17.38320  0.93824
3786.4000  17.36986  0.91196
3847.6400  17.35639  0.88640
3909.8700  17.34286  0.86153
3973.1100  17.32913  0.83734
4037.3800  17.31527  0.81381
4102.6800  17.30132  0.79094
4169.0300  17.28721  0.76870
4236.4600  17.27295  0.74709
4304.9800  17.25852  0.72608
4374.6200  17.24397  0.70564
4445.3700  17.22919  0.68580
4517.2700  17.21428  0.66648
4590.3300  17.19915  0.64775
4664.5800  17.18378  0.62951
4740.0300  17.16814  0.61179
4816.6900  17.15227  0.59458
4894.6000  17.13613  0.57784
4973.7700  17.11961  0.56158
5054.2100  17.10277  0.54581
5135.9600  17.08554  0.53046
5219.0300  17.06785  0.51555
5303.4400  17.04967  0.50107
5389.2200  17.03092  0.48701
5476.3900  17.01154  0.47334
5564.9700  16.99142  0.46006
5654.9800  16.97054  0.44717
5746.4400  16.94872  0.43462
5839.3900  16.92583  0.42246
5933.8300  16.90176  0.41065
6029.8100  16.87631  0.39917
6127.3300  16.84923  0.38802
6226.4400  16.82022  0.37719
6327.1500  16.78898  0.36668
6429.4800  16.75501  0.35647
6533.4800  16.71776  0.34656
6639.1500  16.67653  0.33693
6746.5400  16.63022  0.32758
6855.6500  16.57748  0.31850
6966.5400  16.51611  0.30969
7079.2200  16.44296  0.30113
7193.7200  16.35277  0.29282
7310.0700  16.23585  0.28475
7428.3100  16.07180  0.27692
7548.4500  15.80342  0.26931
7670.5400  15.08515  0.26193
7794.6100  11.96736  0.25924
7920.6800  11.96682  1.91443
8048.7900  15.55861  1.88354
8178.9800  16.06465  1.83982
8311.2600  16.33542  1.79672
8445.6900  16.52280  1.75425
8582.2900  16.66629  1.71242
8721.1100  16.78231  1.67133
8862.1600  16.87933  1.63084
9005.5000  16.96236  1.59108
9151.1600  17.03457  1.55199
9299.1700  17.09813  1.51363
9449.5800  17.15461  1.47598
9602.4200  17.20511  1.43900
9757.7300  17.25057  1.40274
9915.5500  17.29163  1.36718
10075.9000  17.32881  1.33229
10238.9000  17.36261  1.29817
10404.5000  17.39346  1.26471
10572.8000  17.42163  1.23194
10743.8000  17.44736  1.19986
10917.6000  17.47089  1.16846
11094.2000  17.49245  1.13775
11273.6000  17.51216  1.10770
11455.9000  17.53023  1.07832
11641.2000  17.54677  1.04959
11829.5000  17.56190  1.02151
12020.8000  17.57570  0.99408
12215.3000  17.58832  0.96727
12412.8000  17.59984  0.94109
12613.6000  17.61032  0.91552
12817.6000  17.61986  0.89056
13025.0000  17.62851  0.86619
13235.6000  17.63631  0.84241
13449.7000  17.64338  0.81921
13667.2000  17.64970  0.79657
13888.3000  17.65534  0.77449
14112.9000  17.66037  0.75295
14341.2000  17.66483  0.73195
14573.1000  17.66878  0.71147
14808.9000  17.67214  0.69152
15048.4000  17.67511  0.67207
15291.8000  17.67759  0.65311
15539.1000  17.67967  0.63464
15790.4000  17.68136  0.61665
16045.8000  17.68266  0.59912
16305.4000  17.68366  0.58205
16569.1000  17.68437  0.56542
16837.1000  17.68473  0.54924
17109.4000  17.68486  0.53347
17386.1000  17.68473  0.51814
17667.4000  17.68437  0.50320
17953.1000  17.68381  0.48867
18243.5000  17.68301  0.47452
18538.6000  17.68205  0.46076
18838.4000  17.68091  0.44737
19143.1000  17.67962  0.43434
19452.7000  17.67814  0.42167
19767.4000  17.67656  0.40935
20087.1000  17.67488  0.39736
20412.0000  17.67301  0.38571
20742.1000  17.67110  0.37437
21077.6000  17.66908  0.36335
21418.5000  17.66698  0.35264
21765.0000  17.66477  0.34222
22117.0000  17.66253  0.33209
22474.7000  17.66018  0.32225
22838.2000  17.65780  0.31269
23207.6000  17.65536  0.30339
23583.0000  17.65288  0.29436
23964.4000  17.65035  0.28558
24352.0000  17.64777  0.27706
24745.9000  17.64520  0.26877
25146.2000  17.64258  0.26072
25552.9000  17.63997  0.25290
25966.2000  17.63730  0.24531
26386.1000  17.63464  0.23793
26812.9000  17.63199  0.23077
27246.6000  17.62928  0.22381
27687.3000  17.62663  0.21705
28135.1000  17.62393  0.21049
28590.2000  17.62129  0.20412
29052.6000  17.61860  0.19793
29522.5000  17.61596  0.19193
30000.0000  17.61337  0.18610
0.0000  13.61040  0.17957
0.0000  13.60565  0.17410
