Cr2O3
30.39
5.21
E     f1    f2
10.0000  -9999.00000  0.84477
10.1617  -9999.00000  0.86578
10.3261  -9999.00000  0.88534
10.4931  -9999.00000  0.90576
10.6628  -9999.00000  0.92708
10.8353  -9999.00000  0.94933
11.0106  -9999.00000  0.97256
11.1886  -9999.00000  0.99654
11.3696  -9999.00000  1.02013
11.5535  -9999.00000  1.04467
11.7404  -9999.00000  1.07022
11.9303  -9999.00000  1.09768
12.1232  -9999.00000  1.12663
12.3193  -9999.00000  1.15672
12.5186  -9999.00000  1.18799
12.7210  -9999.00000  1.22049
12.9268  -9999.00000  1.25385
13.1359  -9999.00000  1.28850
13.3483  -9999.00000  1.32451
13.5642  -9999.00000  1.36508
13.7836  -9999.00000  1.41003
14.0066  -9999.00000  1.45815
14.2331  -9999.00000  1.51116
14.4633  -9999.00000  1.56636
14.6973  -9999.00000  1.62592
14.9350  -9999.00000  1.69654
15.1765  -9999.00000  1.75280
15.4220  -9999.00000  1.80682
15.6714  -9999.00000  1.88563
15.9249  -9999.00000  1.98314
16.1825  -9999.00000  2.08820
16.4442  -9999.00000  2.20156
16.7102  -9999.00000  2.31277
16.9805  -9999.00000  2.43220
17.2551  -9999.00000  2.56199
17.5342  -9999.00000  2.70319
17.8178  -9999.00000  2.86154
18.1060  -9999.00000  3.03683
18.3989  -9999.00000  3.22207
18.6964  -9999.00000  3.42733
18.9988  -9999.00000  3.60209
19.3061  -9999.00000  3.71534
19.6184  -9999.00000  3.82979
19.9357  -9999.00000  3.91526
20.2582  -9999.00000  3.95918
20.5858  -9999.00000  4.00369
20.9188  -9999.00000  4.04879
21.2571  -9999.00000  4.09449
21.6009  -9999.00000  4.13126
21.9503  -9999.00000  4.15238
22.3053  -9999.00000  4.17379
22.6661  -9999.00000  4.19549
23.0327  -9999.00000  4.21749
23.4053  -9999.00000  4.23977
23.7838  -9999.00000  4.24046
24.1685  -9999.00000  4.23376
24.5594  -9999.00000  4.21913
24.9566  -9999.00000  4.20501
25.3603  -9999.00000  4.19141
25.7705  -9999.00000  4.17831
26.1873  -9999.00000  4.16571
26.6109  -9999.00000  4.14261
27.0413  -9999.00000  4.11063
27.4786  -9999.00000  4.08009
27.9231  -9999.00000  4.05098
28.3747  -9999.00000  4.02323
28.8337  -9999.00000  3.99681
29.3000  3.15156  3.97315
29.7739  3.19682  3.95238
30.2555  3.24019  3.93266
30.7449  3.28134  3.91393
31.2421  3.32024  3.89618
31.7475  3.35668  3.87939
32.2609  3.39034  3.86464
32.7827  3.42341  3.85158
33.3130  3.45532  3.83929
33.8518  3.48592  3.82776
34.3993  3.51535  3.81696
34.9557  3.54396  3.80667
35.5211  3.57278  3.79695
36.0956  3.60484  3.78794
36.6794  3.63991  3.75584
37.2727  3.64799  3.71794
37.8755  3.64180  3.69540
38.4882  3.63061  3.67519
39.1107  3.61002  3.66187
39.7432  3.57929  3.65069
40.3861  3.53874  3.65868
41.0393  3.49467  3.67018
41.7031  3.43175  3.68916
42.3776  3.36165  3.73274
43.0630  3.26851  3.78039
43.7595  3.15180  3.91068
44.4673  3.07888  4.08997
45.1865  3.04251  4.30256
45.9174  3.05747  4.55414
46.6600  3.18634  4.83791
47.4147  3.35204  4.96228
48.1816  3.48933  5.09585
48.9609  3.63627  5.23367
49.7528  3.81899  5.34932
50.5576  3.98519  5.41927
51.3753  4.14157  5.49343
52.2062  4.30488  5.57193
53.0506  4.49976  5.63614
53.9087  4.67909  5.66035
54.7806  4.84862  5.68588
55.6667  5.02028  5.71276
56.5670  5.21169  5.74097
57.4820  5.42141  5.71609
58.4117  5.59934  5.67300
59.3564  5.76289  5.63031
60.3165  5.93114  5.58803
61.2921  6.09153  5.50734
62.2834  6.22922  5.42604
63.2908  6.35271  5.34597
64.3145  6.46868  5.26710
65.3547  6.58345  5.18942
66.4118  6.69132  5.09321
67.4859  6.78020  4.99509
68.5775  6.85521  4.89905
69.6867  6.91489  4.80549
70.8138  6.96849  4.72790
71.9591  7.02068  4.65175
73.1230  7.06751  4.57689
74.3057  7.10426  4.50329
75.5076  7.13695  4.44692
76.7289  7.17443  4.39378
77.9699  7.21228  4.34126
79.2310  7.24869  4.28938
80.5125  7.28170  4.23811
81.8147  7.30532  4.19275
83.1380  7.33508  4.15742
84.4827  7.36893  4.12242
85.8491  7.40387  4.08777
87.2377  7.43932  4.05342
88.6487  7.47500  4.01941
90.0825  7.51090  3.98532
91.5395  7.54593  3.95110
93.0201  7.58002  3.91719
94.5246  7.61303  3.88361
96.0535  7.64443  3.85036
97.6071  7.67169  3.81740
99.1858  7.70374  3.79520
100.7900  7.73609  3.76594
102.4200  7.76732  3.73723
104.0770  7.79698  3.70906
105.7600  7.82487  3.68141
107.4710  7.84842  3.65429
109.2090  7.87196  3.63860
110.9750  7.90028  3.62437
112.7700  7.93213  3.61069
114.5940  7.96637  3.59754
116.4480  8.00318  3.58494
118.3310  8.04368  3.57286
120.2450  8.09428  3.55687
122.1900  8.13948  3.53017
124.1660  8.17989  3.50392
126.1750  8.21882  3.47809
128.2150  8.25699  3.45269
130.2890  8.29514  3.42771
132.3970  8.33545  3.40313
134.5380  8.37374  3.37235
136.7140  8.40906  3.34330
138.9250  8.44320  3.31463
141.1720  8.47635  3.28633
143.4560  8.50861  3.25840
145.7760  8.53991  3.23082
148.1340  8.56944  3.20455
150.5300  8.60010  3.18037
152.9640  8.63148  3.15650
155.4390  8.66345  3.13296
157.9530  8.69618  3.10973
160.5070  8.72998  3.08681
163.1030  8.76557  3.06418
165.7420  8.80624  3.04185
168.4220  8.85121  3.00939
171.1460  8.88833  2.97056
173.9150  8.92096  2.93225
176.7270  8.95121  2.89446
179.5860  8.98047  2.85718
182.4910  9.01145  2.81756
185.4420  9.03552  2.77220
188.4420  9.05122  2.72777
191.4890  9.06346  2.69224
194.5870  9.07797  2.65966
197.7340  9.09302  2.62775
200.9320  9.10803  2.59650
204.1820  9.12286  2.56590
207.4850  9.13754  2.53592
210.8400  9.15229  2.50655
214.2510  9.16757  2.47777
217.7160  9.18574  2.44776
221.2370  9.20041  2.41329
224.8160  9.21228  2.37948
228.4520  9.22227  2.34630
232.1470  9.23060  2.31374
235.9020  9.23750  2.28179
239.7170  9.24161  2.25107
243.5950  9.24572  2.22317
247.5350  9.25049  2.19569
251.5380  9.25532  2.16861
255.6070  9.25954  2.14104
259.7410  9.26284  2.11383
263.9420  9.26546  2.08702
268.2110  9.26750  2.06062
272.5490  9.26912  2.03459
276.9570  9.27064  2.00886
281.4370  9.27272  1.98338
285.9890  9.27594  1.95445
290.6150  9.27546  1.92313
295.3150  9.27158  1.89234
300.0920  9.26570  1.86208
304.9450  9.25809  1.83232
309.8780  9.24911  1.80301
314.8900  9.23820  1.77326
319.9830  9.22527  1.74402
325.1580  9.21051  1.71528
330.4180  9.19406  1.68704
335.7620  9.17619  1.65928
341.1920  9.15744  1.63200
346.7110  9.14001  1.60187
352.3190  9.11684  1.56777
358.0170  9.08780  1.53440
363.8080  9.05470  1.50174
369.6920  9.01755  1.46978
375.6720  8.97626  1.43850
381.7480  8.92968  1.40823
387.9220  8.87957  1.38034
394.1970  8.82581  1.35290
400.5730  8.76731  1.32598
407.0520  8.70343  1.29961
413.6350  8.63275  1.27375
420.3260  8.55515  1.25186
427.1240  8.47285  1.23212
434.0320  8.38492  1.21271
441.0520  8.28930  1.19362
448.1860  8.18465  1.17485
455.4350  8.06928  1.15640
462.8020  7.94149  1.13827
470.2870  7.79841  1.11973
477.8940  7.63634  1.10133
485.6230  7.45091  1.08326
493.4780  7.23614  1.06550
501.4590  6.98305  1.04771
509.5700  6.67596  1.02923
517.8120  6.28930  1.01109
526.1870  5.77028  0.99329
534.6980  4.96346  0.97581
543.3460  1.82963  3.46535
552.1340  4.22883  3.38743
561.0650  3.93481  3.31126
570.1390  2.15461  3.23705
574.0000  -4.68325  3.20727
574.2000  -4.66686  9.23006
579.3610  3.19519  9.08899
588.7320  5.48138  8.84233
598.2540  6.68151  8.60269
607.9300  7.50724  8.36958
617.7630  8.12789  8.14287
627.7550  8.60786  7.92215
637.9080  8.95507  7.73671
648.2260  9.26034  7.60899
658.7110  9.53046  7.48159
669.3650  9.72992  7.38719
680.1910  9.94372  7.36961
691.1930  10.17810  7.35716
702.3720  10.42530  7.34654
713.7330  10.68335  7.33308
725.2770  10.97055  7.31811
737.0080  11.29210  7.25198
748.9280  11.56390  7.11717
761.0420  11.79643  6.98482
773.3510  12.00769  6.85463
785.8590  12.20343  6.72556
798.5700  12.38617  6.59794
811.4860  12.55952  6.47278
824.6110  12.73047  6.35013
837.9490  12.90952  6.21760
851.5020  13.06197  6.05698
865.2740  13.19064  5.90169
879.2690  13.30431  5.75134
893.4910  13.40246  5.60488
907.9430  13.49068  5.47320
922.6280  13.57715  5.34898
937.5510  13.66286  5.22531
952.7150  13.74619  5.10394
968.1240  13.82429  4.97691
983.7830  13.89300  4.85019
999.6950  13.95046  4.72674
1015.8600  14.00078  4.61186
1032.2900  14.05123  4.50414
1048.9900  14.10090  4.39746
1065.9600  14.14676  4.29177
1083.2000  14.18909  4.18859
1100.7200  14.22834  4.08789
1118.5200  14.26482  3.98962
1136.6100  14.29871  3.89376
1155.0000  14.33018  3.80018
1173.6800  14.35948  3.70884
1192.6600  14.38675  3.61969
1211.9500  14.41213  3.53269
1231.5500  14.43604  3.44780
1251.4700  14.45862  3.36431
1271.7200  14.47971  3.28209
1292.2900  14.49838  3.20097
1313.1900  14.51504  3.12191
1334.4300  14.53009  3.04481
1356.0100  14.54365  2.96960
1377.9400  14.55592  2.89623
1400.2300  14.56701  2.82469
1422.8800  14.57718  2.75493
1445.8900  14.58657  2.68689
1469.2800  14.59566  2.62013
1493.0400  14.60449  2.55443
1517.1900  14.61183  2.48794
1541.7300  14.61709  2.42287
1566.6700  14.62073  2.35949
1592.0100  14.62321  2.29775
1617.7600  14.62460  2.23762
1643.9200  14.62514  2.17910
1670.5100  14.62495  2.12211
1697.5300  14.62413  2.06661
1724.9900  14.62319  2.01255
1752.8900  14.62169  1.95887
1781.2400  14.61910  1.90630
1810.0500  14.61559  1.85491
1839.3200  14.61125  1.80488
1869.0700  14.60631  1.75619
1899.3000  14.60075  1.70879
1930.0200  14.59468  1.66272
1961.2400  14.58822  1.61788
1992.9600  14.58118  1.57421
2025.2000  14.57439  1.53240
2057.9500  14.56755  1.49062
2091.2400  14.55999  1.44986
2125.0600  14.55198  1.41014
2159.4300  14.54365  1.37149
2194.3600  14.53503  1.33375
2229.8500  14.52607  1.29702
2265.9200  14.51687  1.26124
2302.5700  14.50744  1.22640
2339.8100  14.49777  1.19245
2377.6600  14.48790  1.15941
2416.1100  14.47783  1.12723
2455.1900  14.46756  1.09590
2494.9000  14.45717  1.06540
2535.2600  14.44659  1.03571
2576.2600  14.43586  1.00681
2617.9300  14.42501  0.97869
2660.2700  14.41402  0.95133
2703.3000  14.40292  0.92469
2747.0300  14.39172  0.89877
2791.4600  14.38037  0.87355
2836.6100  14.36896  0.84902
2882.4900  14.35741  0.82515
2929.1100  14.34581  0.80193
2976.4800  14.33405  0.77936
3024.6300  14.32224  0.75741
3073.5500  14.31034  0.73605
3123.2600  14.29833  0.71528
3173.7800  14.28623  0.69507
3225.1100  14.27400  0.67543
3277.2700  14.26170  0.65634
3330.2800  14.24923  0.63777
3384.1500  14.23667  0.61972
3438.8800  14.22401  0.60217
3494.5000  14.21115  0.58511
3551.0200  14.19818  0.56853
3608.4600  14.18500  0.55241
3666.8200  14.17165  0.53674
3726.1300  14.15807  0.52151
3786.4000  14.14429  0.50673
3847.6400  14.13029  0.49233
3909.8700  14.11597  0.47836
3973.1100  14.10134  0.46477
4037.3800  14.08636  0.45157
4102.6800  14.07097  0.43875
4169.0300  14.05513  0.42630
4236.4600  14.03883  0.41423
4304.9800  14.02195  0.40249
4374.6200  14.00446  0.39110
4445.3700  13.98625  0.38002
4517.2700  13.96722  0.36928
4590.3300  13.94725  0.35887
4664.5800  13.92620  0.34874
4740.0300  13.90385  0.33891
4816.6900  13.88005  0.32937
4894.6000  13.85452  0.32010
4973.7700  13.82686  0.31111
5054.2100  13.79670  0.30238
5135.9600  13.76345  0.29392
5219.0300  13.72632  0.28570
5303.4400  13.68428  0.27772
5389.2200  13.63576  0.26998
5476.3900  13.57846  0.26246
5564.9700  13.50863  0.25517
5654.9800  13.41967  0.24809
5746.4400  13.29821  0.24123
5839.3900  13.11018  0.23457
5933.8300  12.70857  0.22810
5989.1000  10.01788  0.22445
5989.3000  10.01816  1.57566
6029.8100  12.61639  1.56026
6127.3300  13.16912  1.52424
6226.4400  13.42018  1.48876
6327.1500  13.58636  1.45379
6429.4800  13.71095  1.41934
6533.4800  13.81045  1.38542
6639.1500  13.89302  1.35205
6746.5400  13.96328  1.31923
6855.6500  14.02410  1.28700
6966.5400  14.07749  1.25531
7079.2200  14.12479  1.22417
7193.7200  14.16698  1.19362
7310.0700  14.20488  1.16367
7428.3100  14.23908  1.13428
7548.4500  14.27006  1.10543
7670.5400  14.29818  1.07718
7794.6100  14.32381  1.04948
7920.6800  14.34712  1.02236
8048.7900  14.36843  0.99581
8178.9800  14.38795  0.96982
8311.2600  14.40576  0.94438
8445.6900  14.42208  0.91952
8582.2900  14.43701  0.89515
8721.1100  14.45065  0.87134
8862.1600  14.46314  0.84808
9005.5000  14.47456  0.82533
9151.1600  14.48496  0.80311
9299.1700  14.49446  0.78138
9449.5800  14.50306  0.76017
9602.4200  14.51087  0.73949
9757.7300  14.51798  0.71928
9915.5500  14.52438  0.69952
10075.9000  14.53016  0.68027
10238.9000  14.53531  0.66148
10404.5000  14.53996  0.64315
10572.8000  14.54406  0.62528
10743.8000  14.54765  0.60784
10917.6000  14.55081  0.59085
11094.2000  14.55360  0.57427
11273.6000  14.55595  0.55812
11455.9000  14.55792  0.54238
11641.2000  14.55958  0.52704
11829.5000  14.56093  0.51209
12020.8000  14.56197  0.49754
12215.3000  14.56270  0.48335
12412.8000  14.56321  0.46954
12613.6000  14.56348  0.45610
12817.6000  14.56349  0.44300
13025.0000  14.56335  0.43025
13235.6000  14.56298  0.41785
13449.7000  14.56242  0.40577
13667.2000  14.56175  0.39401
13888.3000  14.56084  0.38258
14112.9000  14.55987  0.37145
14341.2000  14.55871  0.36062
14573.1000  14.55748  0.35009
14808.9000  14.55609  0.33985
15048.4000  14.55459  0.32988
15291.8000  14.55302  0.32019
15539.1000  14.55138  0.31077
15790.4000  14.54963  0.30161
16045.8000  14.54785  0.29270
16305.4000  14.54595  0.28405
16569.1000  14.54402  0.27563
16837.1000  14.54206  0.26745
17109.4000  14.54003  0.25950
17386.1000  14.53796  0.25177
17667.4000  14.53586  0.24426
17953.1000  14.53369  0.23697
18243.5000  14.53153  0.22988
18538.6000  14.52937  0.22299
18838.4000  14.52713  0.21630
19143.1000  14.52490  0.20980
19452.7000  14.52268  0.20349
19767.4000  14.52043  0.19736
20087.1000  14.51818  0.19141
20412.0000  14.51589  0.18562
20742.1000  14.51365  0.18001
21077.6000  14.51138  0.17455
21418.5000  14.50916  0.16926
21765.0000  14.50689  0.16412
22117.0000  14.50464  0.15913
22474.7000  14.50242  0.15429
22838.2000  14.50017  0.14958
23207.6000  14.49797  0.14502
23583.0000  14.49581  0.14059
23964.4000  14.49361  0.13629
24352.0000  14.49146  0.13211
24745.9000  14.48931  0.12806
25146.2000  14.48718  0.12413
25552.9000  14.48508  0.12032
25966.2000  14.48302  0.11662
26386.1000  14.48093  0.11303
26812.9000  14.47892  0.10954
27246.6000  14.47688  0.10616
27687.3000  14.47492  0.10288
28135.1000  14.47296  0.09970
28590.2000  14.47101  0.09661
29052.6000  14.46914  0.09362
29522.5000  14.46751  0.09071
30000.0000  14.46452  0.08790
