Cr2Si
44.03
6.2
E     f1    f2
10.0000  -6665.56339  0.74696
10.1617  -6665.55633  0.77872
10.3261  -6665.54915  0.81186
10.4931  -6665.54186  0.84645
10.6628  -6665.53445  0.88255
10.8353  -6665.52692  0.92021
11.0106  -6665.51926  0.95952
11.1886  -6665.51149  1.00009
11.3696  -6665.50359  1.04001
11.5535  -6665.49556  1.08155
11.7404  -6665.48740  1.12477
11.9303  -6665.47910  1.16975
12.1232  -6665.47068  1.21656
12.3193  -6665.46212  1.26528
12.5186  -6665.45342  1.31598
12.7210  -6665.44458  1.36873
12.9268  -6665.43559  1.42291
13.1359  -6665.42646  1.47927
13.3483  -6665.41719  1.53789
13.5642  -6665.40776  1.59886
13.7836  -6665.39818  1.66228
14.0066  -6665.38844  1.73079
14.2331  -6665.37855  1.80725
14.4633  -6665.36850  1.88714
14.6973  -6665.35828  1.97061
14.9350  -6665.34791  2.05782
15.1765  -6665.33736  2.11985
15.4220  -6665.32664  2.17690
15.6714  -6665.31575  2.23549
15.9249  -6665.30468  2.29567
16.1825  -6665.29343  2.35746
16.4442  -6665.28201  2.42094
16.7102  -6665.27039  2.46742
16.9805  -6665.25859  2.51274
17.2551  -6665.24660  2.55889
17.5342  -6665.23441  2.60589
17.8178  -6665.22203  2.65375
18.1060  -6665.20945  2.69207
18.3989  -6665.19666  2.71728
18.6964  -6665.18367  2.74273
18.9988  -6665.17046  2.76843
19.3061  -6665.15704  2.79437
19.6184  -6665.14341  2.81420
19.9357  -6665.12955  2.83095
20.2582  -6665.11547  2.84781
20.5858  -6665.10117  2.86479
20.9188  -6665.08663  2.88188
21.2571  -6665.07186  2.89908
21.6009  -6665.05684  2.90600
21.9503  -6665.04159  2.89960
22.3053  -6665.02609  2.89326
22.6661  -6665.01033  2.88696
23.0327  -6664.99432  2.88070
23.4053  -6664.97806  2.87449
23.7838  -6664.96153  2.83184
24.1685  -6664.94473  2.78741
24.5594  -6664.92766  2.74377
24.9566  -6664.91032  2.70093
25.3603  -6664.89269  2.65887
25.7705  -6664.87478  2.61757
26.1873  -6664.85658  2.57702
26.6109  -6664.83808  2.51893
27.0413  -6664.81929  2.44593
27.4786  -6664.80020  2.37528
27.9231  -6664.78079  2.30692
28.3747  -6664.76107  2.24077
28.8337  -6664.74103  2.17677
29.3000  5.24089  2.11727
29.7739  5.22310  2.06091
30.2555  5.20214  2.00616
30.7449  5.17718  1.95298
31.2421  5.14765  1.90133
31.7475  5.11310  1.85142
32.2609  5.07294  1.80548
32.7827  5.03067  1.76225
33.3130  4.98476  1.72022
33.8518  4.93429  1.67935
34.3993  4.87870  1.63962
34.9557  4.81725  1.60062
35.5211  4.74842  1.56250
36.0956  4.67094  1.52545
36.6794  4.58238  1.48946
37.2727  4.47585  1.45448
37.8755  4.35550  1.44498
38.4882  4.23300  1.43922
39.1107  4.09941  1.44483
39.7432  3.95265  1.45350
40.3861  3.79210  1.49339
41.0393  3.62736  1.53899
41.7031  3.43287  1.59692
42.3776  3.22774  1.69570
43.0630  2.98525  1.80115
43.7595  2.70422  2.04418
44.4673  2.49656  2.36874
45.1865  2.34989  2.74867
45.9174  2.28841  3.19344
46.6600  2.41575  3.69154
47.4147  2.60219  3.92374
48.1816  2.73619  4.17115
48.9609  2.87498  4.43473
49.7528  3.08200  4.68168
50.5576  3.27301  4.85181
51.3753  3.45323  5.02831
52.2062  3.64853  5.21142
53.0506  3.89936  5.37033
53.9087  4.12705  5.46263
54.7806  4.34088  5.55654
55.6667  4.56032  5.65208
56.5670  4.81437  5.74927
57.4820  5.10042  5.75738
58.4117  5.33452  5.73455
59.3564  5.54495  5.71184
60.3165  5.76453  5.69144
61.2921  5.97303  5.60682
62.2834  6.14529  5.52073
63.2908  6.29531  5.43622
64.3145  6.43423  5.35326
65.3547  6.57353  5.27164
66.4118  6.70154  5.15594
67.4859  6.79779  5.03654
68.5775  6.87150  4.92008
69.6867  6.92115  4.80727
70.8138  6.96230  4.71670
71.9591  6.99778  4.62475
73.1230  7.02171  4.53460
74.3057  7.02799  4.44621
75.5076  7.02696  4.38328
76.7289  7.02872  4.32332
77.9699  7.02545  4.26448
79.2310  7.01540  4.20681
80.5125  6.99573  4.15621
81.8147  6.95985  4.11505
83.1380  6.93117  4.09019
84.4827  6.90326  4.06569
85.8491  6.87273  4.04486
87.2377  6.83960  4.02420
88.6487  6.79978  4.00371
90.0825  6.75111  3.98272
91.5395  6.68822  3.96163
93.0201  6.60699  3.94172
94.5246  6.49932  3.92207
96.0535  6.34634  3.90267
97.6071  6.09712  3.88352
99.1858  5.51071  3.88703
100.7900  5.88682  5.17433
102.4200  6.27029  5.04032
104.0770  6.23335  4.94286
105.7600  6.16516  5.07418
107.4710  6.16611  5.25122
109.2090  6.18378  5.39962
110.9750  6.21641  5.57276
112.7700  6.27285  5.74811
114.5940  6.29867  5.91913
116.4480  6.38095  6.20102
118.3310  6.59807  6.45024
120.2450  6.85972  6.58397
122.1900  7.07265  6.68859
124.1660  7.27933  6.74691
126.1750  7.45149  6.80323
128.2150  7.61113  6.87925
130.2890  7.79527  6.98334
132.3970  8.08129  7.06624
134.5380  8.39687  6.99903
136.7140  8.53017  6.83293
138.9250  8.58504  6.79249
141.1720  8.64680  6.81242
143.4560  8.74386  6.81571
145.7760  8.84320  6.88744
148.1340  8.99215  6.93056
150.5300  9.10483  6.94016
152.9640  9.27560  7.03239
155.4390  9.42910  6.88015
157.9530  9.45027  6.94414
160.5070  9.55483  7.03892
163.1030  9.75419  7.16157
165.7420  9.98997  7.21529
168.4220  10.29587  7.23676
171.1460  10.61694  7.15245
173.9150  10.84785  6.92377
176.7270  10.93361  6.70693
179.5860  10.95572  6.58548
182.4910  11.01307  6.54203
185.4420  11.09969  6.47886
188.4420  11.17640  6.41613
191.4890  11.25069  6.36348
194.5870  11.32995  6.31497
197.7340  11.41006  6.26685
200.9320  11.48966  6.21911
204.1820  11.56702  6.17482
207.4850  11.64795  6.13408
210.8400  11.73159  6.09361
214.2510  11.81864  6.05341
217.7160  11.91384  6.01045
221.2370  12.00937  5.95915
224.8160  12.10010  5.89193
228.4520  12.18260  5.82549
232.1470  12.25830  5.75981
235.9020  12.33057  5.69490
239.7170  12.40003  5.63074
243.5950  12.46737  5.56731
247.5350  12.53447  5.50462
251.5380  12.60007  5.43786
255.6070  12.66180  5.36862
259.7410  12.71823  5.30025
263.9420  12.77170  5.23278
268.2110  12.82273  5.16622
272.5490  12.87167  5.10053
276.9570  12.91937  5.03574
281.4370  12.96730  4.97180
285.9890  13.01670  4.90244
290.6150  13.05967  4.82934
295.3150  13.09770  4.75734
300.0920  13.13237  4.68500
304.9450  13.16323  4.61181
309.8780  13.19043  4.53968
314.8900  13.21377  4.46714
319.9830  13.23340  4.39575
325.1580  13.24983  4.32552
330.4180  13.26353  4.25642
335.7620  13.27503  4.18842
341.1920  13.28557  4.12151
346.7110  13.29893  4.05017
352.3190  13.30367  3.97249
358.0170  13.30043  3.89631
363.8080  13.29280  3.82161
369.6920  13.28207  3.74284
375.6720  13.26093  3.66279
381.7480  13.23000  3.58502
387.9220  13.19323  3.51191
394.1970  13.15120  3.44030
400.5730  13.10267  3.37016
407.0520  13.04697  3.30146
413.6350  12.98217  3.23417
420.3260  12.90860  3.17399
427.1240  12.83053  3.11789
434.0320  12.74717  3.06283
441.0520  12.65587  3.00880
448.1860  12.55543  2.95577
455.4350  12.44483  2.90372
462.8020  12.32257  2.85249
470.2870  12.18567  2.79894
477.8940  12.02983  2.74618
485.6230  11.85250  2.69447
493.4780  11.64993  2.64378
501.4590  11.41680  2.59354
509.5700  11.14317  2.54266
517.8120  10.81729  2.49282
526.1870  10.42147  2.44399
534.6980  9.92706  2.39615
543.3460  9.27963  2.34564
552.1340  8.36582  2.29475
561.0650  6.88830  2.24497
570.1390  3.32308  2.19628
574.0000  -8.25423  2.17622
574.2000  -8.23628  12.21574
579.3610  4.62537  12.02016
588.7320  8.09563  11.67645
598.2540  9.81432  11.34148
607.9300  10.94998  11.01610
617.7630  11.77407  10.70011
627.7550  12.38673  10.39315
637.9080  12.79517  10.14722
648.2260  13.15103  10.00108
658.7110  13.46797  9.85714
669.3650  13.68453  9.76644
680.1910  13.94010  9.79331
691.1930  14.23330  9.82086
702.3720  14.54643  9.85006
713.7330  14.88073  9.88074
725.2770  15.27410  9.91198
737.0080  15.73213  9.85644
748.9280  16.11280  9.68518
761.0420  16.43287  9.51686
773.3510  16.72087  9.35153
785.8590  16.98700  9.18907
798.5700  17.23827  9.02929
811.4860  17.47843  8.87086
824.6110  17.71800  8.71535
837.9490  17.97490  8.54214
851.5020  18.19157  8.31909
865.2740  18.37093  8.10192
879.2690  18.52547  7.89036
893.4910  18.65537  7.68440
907.9430  18.76940  7.50143
922.6280  18.88003  7.32927
937.5510  18.98930  7.16112
952.7150  19.09723  6.99682
968.1240  19.19897  6.82296
983.7830  19.28707  6.64871
999.6950  19.35813  6.47888
1015.8600  19.41863  6.32230
1032.2900  19.48007  6.17600
1048.9900  19.54047  6.03121
1065.9600  19.59570  5.88784
1083.2000  19.64583  5.74786
1100.7200  19.69110  5.61180
1118.5200  19.73320  5.47971
1136.6100  19.77213  5.35075
1155.0000  19.80780  5.22480
1173.6800  19.84040  5.10181
1192.6600  19.87017  4.98168
1211.9500  19.89710  4.86438
1231.5500  19.92180  4.74983
1251.4700  19.94433  4.63713
1271.7200  19.96447  4.52613
1292.2900  19.98093  4.41657
1313.1900  19.99423  4.30970
1334.4300  20.00477  4.20541
1356.0100  20.01263  4.10359
1377.9400  20.01797  4.00420
1400.2300  20.02087  3.90723
1422.8800  20.02153  3.81264
1445.8900  20.02000  3.72027
1469.2800  20.01677  3.62956
1493.0400  20.01180  3.54020
1517.1900  20.00277  3.44929
1541.7300  19.98853  3.36019
1566.6700  19.96913  3.27336
1592.0100  19.94463  3.18875
1617.7600  19.91437  3.10633
1643.9200  19.87737  3.02607
1670.5100  19.83200  2.94791
1697.5300  19.77560  2.87177
1724.9900  19.70403  2.79757
1752.8900  19.60740  2.72365
1781.2400  19.46390  2.65117
1810.0500  19.20547  2.58024
1839.3200  17.53865  3.77441
1869.0700  19.28220  3.68026
1899.3000  19.57637  3.58844
1930.0200  19.75113  3.49898
1961.2400  19.87520  3.41174
1992.9600  19.97010  3.32662
2025.2000  20.04833  3.24535
2057.9500  20.11367  3.16293
2091.2400  20.16773  3.08218
2125.0600  20.21350  3.00316
2159.4300  20.25260  2.92593
2194.3600  20.28610  2.85025
2229.8500  20.31477  2.77631
2265.9200  20.33930  2.70403
2302.5700  20.36033  2.63342
2339.8100  20.37813  2.56435
2377.6600  20.39307  2.49687
2416.1100  20.40547  2.43099
2455.1900  20.41550  2.36664
2494.9000  20.42347  2.30381
2535.2600  20.42950  2.24248
2576.2600  20.43377  2.18264
2617.9300  20.43647  2.12422
2660.2700  20.43757  2.06721
2703.3000  20.43733  2.01163
2747.0300  20.43583  1.95738
2791.4600  20.43300  1.90447
2836.6100  20.42917  1.85294
2882.4900  20.42420  1.80263
2929.1100  20.41827  1.75360
2976.4800  20.41130  1.70586
3024.6300  20.40353  1.65932
3073.5500  20.39490  1.61396
3123.2600  20.38547  1.56977
3173.7800  20.37527  1.52671
3225.1100  20.36427  1.48479
3277.2700  20.35260  1.44395
3330.2800  20.34017  1.40419
3384.1500  20.32707  1.36546
3438.8800  20.31337  1.32775
3494.5000  20.29890  1.29104
3551.0200  20.28383  1.25532
3608.4600  20.26803  1.22055
3666.8200  20.25160  1.18672
3726.1300  20.23447  1.15378
3786.4000  20.21667  1.12176
3847.6400  20.19817  1.09057
3909.8700  20.17883  1.06025
3973.1100  20.15877  1.03073
4037.3800  20.13787  1.00205
4102.6800  20.11603  0.97413
4169.0300  20.09320  0.94699
4236.4600  20.06940  0.92061
4304.9800  20.04447  0.89495
4374.6200  20.01827  0.86999
4445.3700  19.99070  0.84571
4517.2700  19.96157  0.82212
4590.3300  19.93073  0.79921
4664.5800  19.89790  0.77692
4740.0300  19.86277  0.75524
4816.6900  19.82510  0.73419
4894.6000  19.78437  0.71371
4973.7700  19.73997  0.69382
5054.2100  19.69130  0.67450
5135.9600  19.63737  0.65572
5219.0300  19.57683  0.63746
5303.4400  19.50803  0.61974
5389.2200  19.42833  0.60252
5476.3900  19.33390  0.58578
5564.9700  19.21850  0.56953
5654.9800  19.07113  0.55373
5746.4400  18.86953  0.53839
5839.3900  18.55690  0.52349
5933.8300  17.88827  0.50903
5989.1000  13.40416  0.50087
5989.3000  13.40462  2.75287
6029.8100  17.73527  2.72569
6127.3300  18.65703  2.66215
6226.4400  19.07600  2.59959
6327.1500  19.35343  2.53799
6429.4800  19.56150  2.47733
6533.4800  19.72773  2.41766
6639.1500  19.86567  2.35897
6746.5400  19.98310  2.30128
6855.6500  20.08473  2.24466
6966.5400  20.17397  2.18902
7079.2200  20.25303  2.13436
7193.7200  20.32357  2.08077
7310.0700  20.38693  2.02824
7428.3100  20.44410  1.97672
7548.4500  20.49593  1.92617
7670.5400  20.54297  1.87670
7794.6100  20.58587  1.82820
7920.6800  20.62497  1.78072
8048.7900  20.66070  1.73426
8178.9800  20.69350  1.68881
8311.2600  20.72350  1.64432
8445.6900  20.75107  1.60085
8582.2900  20.77643  1.55827
8721.1100  20.79973  1.51666
8862.1600  20.82130  1.47603
9005.5000  20.84133  1.43629
9151.1600  20.86003  1.39749
9299.1700  20.87780  1.35956
9449.5800  20.89513  1.32254
9602.4200  20.91383  1.28646
9757.7300  20.94293  1.25121
9915.5500  20.94043  1.21674
10075.9000  20.93200  1.18316
10238.9000  20.93687  1.15040
10404.5000  20.94060  1.11845
10572.8000  20.94417  1.08729
10743.8000  20.94743  1.05691
10917.6000  20.95037  1.02729
11094.2000  20.95297  0.99841
11273.6000  20.95510  0.97027
11455.9000  20.95677  0.94285
11641.2000  20.95810  0.91614
11829.5000  20.95903  0.89011
12020.8000  20.95960  0.86476
12215.3000  20.95970  0.84006
12412.8000  20.95953  0.81602
12613.6000  20.95907  0.79261
12817.6000  20.95823  0.76982
13025.0000  20.95720  0.74763
13235.6000  20.95583  0.72604
13449.7000  20.95420  0.70502
13667.2000  20.95243  0.68457
13888.3000  20.95030  0.66467
14112.9000  20.94810  0.64531
14341.2000  20.94563  0.62647
14573.1000  20.94307  0.60815
14808.9000  20.94027  0.59033
15048.4000  20.93733  0.57300
15291.8000  20.93427  0.55614
15539.1000  20.93113  0.53976
15790.4000  20.92783  0.52382
16045.8000  20.92450  0.50833
16305.4000  20.92097  0.49328
16569.1000  20.91743  0.47864
16837.1000  20.91383  0.46441
17109.4000  20.91017  0.45059
17386.1000  20.90643  0.43715
17667.4000  20.90263  0.42409
17953.1000  20.89877  0.41141
18243.5000  20.89490  0.39908
18538.6000  20.89107  0.38711
18838.4000  20.88710  0.37547
19143.1000  20.88317  0.36417
19452.7000  20.87927  0.35320
19767.4000  20.87530  0.34253
20087.1000  20.87133  0.33218
20412.0000  20.86733  0.32213
20742.1000  20.86343  0.31236
21077.6000  20.85947  0.30288
21418.5000  20.85557  0.29368
21765.0000  20.85163  0.28474
22117.0000  20.84773  0.27607
22474.7000  20.84390  0.26765
22838.2000  20.84000  0.25947
23207.6000  20.83617  0.25154
23583.0000  20.83243  0.24384
23964.4000  20.82867  0.23637
24352.0000  20.82493  0.22911
24745.9000  20.82123  0.22208
25146.2000  20.81757  0.21525
25552.9000  20.81397  0.20862
25966.2000  20.81043  0.20219
26386.1000  20.80683  0.19595
26812.9000  20.80340  0.18990
27246.6000  20.79990  0.18402
27687.3000  20.79653  0.17833
28135.1000  20.79320  0.17280
28590.2000  20.78987  0.16744
29052.6000  20.78667  0.16224
29522.5000  20.78400  0.15720
30000.0000  20.77883  0.15230
