Cr3Si
34.06
6
E     f1    f2
10.0000   9.5E+0232   9.5E+0232
10.1617  -2498.75166  0.37260
10.3261  -2498.73551  0.38633
10.4931  -2498.71911  0.40063
10.6628  -2498.70243  0.41551
10.8353  -2498.68549  0.43100
11.0106  -2498.66826  0.44713
11.1886  -2498.65078  0.46376
11.3696  -2498.63300  0.48016
11.5535  -2498.61493  0.49720
11.7404  -2498.59657  0.51489
11.9303  -2498.57791  0.53326
12.1232  -2498.55896  0.55234
12.3193  -2498.53969  0.57217
12.5186  -2498.52011  0.59276
12.7210  -2498.50023  0.61415
12.9268  -2498.48001  0.63610
13.1359  -2498.45947  0.65889
13.3483  -2498.43860  0.68255
13.5642  -2498.41739  0.70713
13.7836  -2498.39583  0.73265
14.0066  -2498.37392  0.76011
14.2331  -2498.35167  0.79058
14.4633  -2498.32905  0.82237
14.6973  -2498.30607  0.85552
14.9350  -2498.28271  0.89011
15.1765  -2498.25899  0.91529
15.4220  -2498.23487  0.93863
15.6714  -2498.21037  0.96258
15.9249  -2498.18546  0.98715
16.1825  -2498.16015  1.01237
16.4442  -2498.13444  1.03825
16.7102  -2498.10831  1.05779
16.9805  -2498.08175  1.07693
17.2551  -2498.05477  1.09641
17.5342  -2498.02735  1.11625
17.8178  -2497.99949  1.13644
18.1060  -2497.97118  1.15310
18.3989  -2497.94240  1.16488
18.6964  -2497.91317  1.17678
18.9988  -2497.88347  1.18881
19.3061  -2497.85327  1.20098
19.6184  -2497.82259  1.21089
19.9357  -2497.79142  1.21969
20.2582  -2497.75974  1.22857
20.5858  -2497.72755  1.23754
20.9188  -2497.69483  1.24658
21.2571  -2497.66160  1.25572
21.6009  -2497.62782  1.26104
21.9503  -2497.59350  1.26141
22.3053  -2497.55862  1.26185
22.6661  -2497.52317  1.26234
23.0327  -2497.48716  1.26290
23.4053  -2497.45055  1.26353
23.7838  -2497.41336  1.25054
24.1685  -2497.37557  1.23692
24.5594  -2497.33716  1.22366
24.9566  -2497.29814  1.21074
25.3603  -2497.25848  1.19817
25.7705  -2497.21818  1.18594
26.1873  -2497.17723  1.17404
26.6109  -2497.13562  1.15561
27.0413  -2497.09333  1.13165
27.4786  -2497.05037  1.10862
27.9231  -2497.00670  1.08651
28.3747  -2496.96233  1.06529
28.8337  -2496.91724  1.04493
29.3000  4.36415  1.02632
29.7739  4.34062  1.00587
30.2555  4.31649  0.98603
30.7449  4.29135  0.96678
31.2421  4.26439  0.94810
31.7475  4.23576  0.93058
32.2609  4.20562  0.91580
32.7827  4.17570  0.90206
33.3130  4.14504  0.88879
33.8518  4.11317  0.87598
34.3993  4.07981  0.86363
34.9557  4.04462  0.85158
35.5211  4.00700  0.83988
36.0956  3.96645  0.82861
36.6794  3.92201  0.81777
37.2727  3.87111  0.80733
37.8755  3.81529  0.80648
38.4882  3.75898  0.80705
39.1107  3.69898  0.81192
39.7432  3.63479  0.81728
40.3861  3.56520  0.83323
41.0393  3.49309  0.85134
41.7031  3.40962  0.87406
42.3776  3.32190  0.91212
43.0630  3.21993  0.95267
43.7595  3.10326  1.04483
44.4673  3.01387  1.16756
45.1865  2.94710  1.31106
45.9174  2.91212  1.47887
46.6600  2.94766  1.66632
47.4147  3.00483  1.75389
48.1816  3.04168  1.84715
48.9609  3.07977  1.94649
49.7528  3.14286  2.03958
50.5576  3.19929  2.10387
51.3753  3.25099  2.17055
52.2062  3.30707  2.23971
53.0506  3.38294  2.30031
53.9087  3.44977  2.33720
54.7806  3.51124  2.37471
55.6667  3.57426  2.41285
56.5670  3.64955  2.45163
57.4820  3.73596  2.45703
58.4117  3.80148  2.45084
59.3564  3.85560  2.44471
60.3165  3.91270  2.44363
61.2921  3.96671  2.41912
62.2834  4.00755  2.39423
63.2908  4.04026  2.37010
64.3145  4.06923  2.34674
65.3547  4.10057  2.32367
66.4118  4.12597  2.28283
67.4859  4.13717  2.24062
68.5775  4.13895  2.19953
69.6867  4.13209  2.15984
70.8138  4.12308  2.12300
71.9591  4.10535  2.07988
73.1230  4.07747  2.03763
74.3057  4.04033  1.99626
75.5076  3.99840  1.95920
76.7289  3.94679  1.91962
77.9699  3.88176  1.88138
79.2310  3.80509  1.84465
80.5125  3.71658  1.82271
81.8147  3.62022  1.80435
83.1380  3.52025  1.79213
84.4827  3.40864  1.78046
85.8491  3.28734  1.77679
87.2377  3.15829  1.77324
88.6487  3.01336  1.76983
90.0825  2.84786  1.76630
91.5395  2.65349  1.76368
93.0201  2.42154  1.76347
94.5246  2.13480  1.76354
96.0535  1.75363  1.76390
97.6071  1.17401  1.76455
99.1858  -0.16416  1.77391
100.7900  0.64872  4.67031
102.4200  1.47003  4.36877
104.0770  1.34328  4.14947
105.7600  1.14698  4.44493
107.4710  1.11600  4.84325
109.2090  1.11938  5.14294
110.9750  1.13868  5.49535
112.7700  1.19803  5.85252
114.5940  1.17876  6.19976
116.4480  1.27639  6.79627
118.3310  1.66403  7.31905
120.2450  2.11850  7.59560
122.1900  2.47859  7.84154
124.1660  2.83800  7.98327
126.1750  3.12285  8.12049
128.2150  3.38042  8.30203
130.2890  3.69174  8.54670
132.3970  4.22390  8.74369
134.5380  4.82583  8.62365
136.7140  5.02675  8.28101
138.9250  5.05584  8.22096
141.1720  5.10355  8.29661
143.4560  5.23332  8.33470
145.7760  5.37095  8.52663
148.1340  5.62547  8.65109
150.5300  5.79463  8.69457
152.9640  6.09198  8.92390
155.4390  6.34848  8.60309
157.9530  6.30474  8.76874
160.5070  6.44524  9.00359
163.1030  6.79356  9.30109
165.7420  7.20819  9.44342
168.4220  7.76759  9.54572
171.1460  8.38637  9.43073
173.9150  8.81754  8.99010
176.7270  8.93161  8.57529
179.5860  8.91050  8.37429
182.4910  8.97604  8.34798
185.4420  9.11567  8.27653
188.4420  9.24916  8.20525
191.4890  9.38244  8.13083
194.5870  9.51576  8.05849
197.7340  9.64614  7.98680
200.9320  9.77274  7.91576
204.1820  9.89255  7.85227
207.4850  10.01876  7.79654
210.8400  10.14896  7.74120
214.2510  10.28345  7.68625
217.7160  10.42551  7.63056
221.2370  10.57771  7.57156
224.8160  10.72622  7.47619
228.4520  10.86047  7.38204
232.1470  10.98280  7.28908
235.9020  11.09990  7.19731
239.7170  11.21295  7.10671
243.5950  11.32333  7.01725
247.5350  11.43480  6.92894
251.5380  11.54327  6.83096
255.6070  11.64518  6.72974
259.7410  11.73803  6.63002
263.9420  11.82620  6.53180
268.2110  11.91040  6.43507
272.5490  11.99100  6.33979
276.9570  12.06883  6.24596
281.4370  12.14467  6.15354
285.9890  12.21932  6.06016
290.6150  12.29012  5.96644
295.3150  12.35945  5.87416
300.0920  12.42645  5.78015
304.9450  12.48927  5.68324
309.8780  12.54697  5.58793
314.8900  12.60085  5.49365
319.9830  12.65140  5.40095
325.1580  12.69913  5.30982
330.4180  12.74445  5.22024
335.7620  12.78770  5.13216
341.1920  12.82977  5.04559
346.7110  12.87223  4.95840
352.3190  12.91112  4.86988
358.0170  12.94823  4.78296
363.8080  12.98568  4.69760
369.6920  13.02615  4.60137
375.6720  13.05322  4.50056
381.7480  13.07162  4.40219
387.9220  13.08452  4.30709
394.1970  13.09283  4.21406
400.5730  13.09650  4.12304
407.0520  13.09567  4.03399
413.6350  13.08975  3.94686
420.3260  13.07910  3.86378
427.1240  13.06545  3.78357
434.0320  13.04875  3.70505
441.0520  13.02808  3.62820
448.1860  13.00310  3.55298
455.4350  12.97450  3.47935
462.8020  12.94128  3.40697
470.2870  12.90175  3.33098
477.8940  12.85238  3.25662
485.6230  12.79338  3.18396
493.4780  12.72360  3.11295
501.4590  12.64130  3.04336
509.5700  12.54288  2.97474
517.8120  12.42405  2.90770
526.1870  12.27824  2.84219
534.6980  12.09490  2.77819
543.3460  11.85355  2.71428
552.1340  11.51187  2.65131
561.0650  10.95843  2.58980
570.1390  9.62178  2.52972
574.0000  5.28087  2.50512
574.2000  5.28763  6.26905
579.3610  10.11151  6.17287
588.7320  11.41405  6.00227
598.2540  12.05812  5.83396
607.9300  12.48180  5.67036
617.7630  12.78753  5.51137
627.7550  13.01315  5.35684
637.9080  13.16137  5.22624
648.2260  13.28920  5.13406
658.7110  13.40180  5.04369
669.3650  13.47608  4.97424
680.1910  13.56423  4.94982
691.1930  13.66542  4.92655
702.3720  13.77297  4.90651
713.7330  13.88927  4.88928
725.2770  14.02860  4.87295
737.0080  14.19255  4.82474
748.9280  14.32768  4.73378
761.0420  14.44032  4.64456
773.3510  14.54107  4.55707
785.8590  14.63413  4.47128
798.5700  14.72310  4.38664
811.4860  14.80722  4.30056
824.6110  14.88937  4.21629
837.9490  14.97752  4.12606
851.5020  15.05027  4.01783
865.2740  15.10872  3.91244
879.2690  15.15768  3.80981
893.4910  15.19833  3.70989
907.9430  15.23303  3.61771
922.6280  15.26495  3.52874
937.5510  15.29505  3.44201
952.7150  15.32390  3.35745
968.1240  15.34968  3.27001
983.7830  15.36977  3.18308
999.6950  15.38293  3.09845
1015.8600  15.39155  3.01938
1032.2900  15.39990  2.94478
1048.9900  15.40730  2.87135
1065.9600  15.41207  2.79903
1083.2000  15.41388  2.72855
1100.7200  15.41223  2.66119
1118.5200  15.41020  2.59714
1136.6100  15.40742  2.53461
1155.0000  15.40330  2.47358
1173.6800  15.39765  2.41403
1192.6600  15.39063  2.35588
1211.9500  15.38198  2.29911
1231.5500  15.37192  2.24367
1251.4700  15.36037  2.18925
1271.7200  15.34718  2.13579
1292.2900  15.33172  2.08318
1313.1900  15.31415  2.03178
1334.4300  15.29435  1.98164
1356.0100  15.27230  1.93270
1377.9400  15.24780  1.88496
1400.2300  15.22082  1.83837
1422.8800  15.19107  1.79292
1445.8900  15.15825  1.74853
1469.2800  15.12235  1.70503
1493.0400  15.08293  1.66229
1517.1900  15.03848  1.61884
1541.7300  14.98770  1.57626
1566.6700  14.92967  1.53475
1592.0100  14.86330  1.49433
1617.7600  14.78683  1.45498
1643.9200  14.69745  1.41667
1670.5100  14.59125  1.37939
1697.5300  14.46185  1.34308
1724.9900  14.29857  1.30773
1752.8900  14.08052  1.27241
1781.2400  13.75990  1.23776
1810.0500  13.18318  1.20384
1839.3200  9.43984  4.01311
1869.0700  13.37146  3.92042
1899.3000  14.04370  3.82988
1930.0200  14.44867  3.74142
1961.2400  14.74070  3.65498
1992.9600  14.96872  3.57053
2025.2000  15.15850  3.49012
2057.9500  15.31962  3.40726
2091.2400  15.45740  3.32570
2125.0600  15.57775  3.24553
2159.4300  15.68398  3.16674
2194.3600  15.77848  3.08931
2229.8500  15.86310  3.01332
2265.9200  15.93917  2.93873
2302.5700  16.00800  2.86564
2339.8100  16.07030  2.79386
2377.6600  16.12678  2.72344
2416.1100  16.17817  2.65452
2455.1900  16.22488  2.58695
2494.9000  16.26730  2.52080
2535.2600  16.30600  2.45604
2576.2600  16.34123  2.39267
2617.9300  16.37330  2.33061
2660.2700  16.40227  2.26988
2703.3000  16.42863  2.21058
2747.0300  16.45250  2.15249
2791.4600  16.47387  2.09570
2836.6100  16.49325  2.04033
2882.4900  16.51057  1.98611
2929.1100  16.52597  1.93313
2976.4800  16.53955  1.88145
3024.6300  16.55157  1.83099
3073.5500  16.56202  1.78170
3123.2600  16.57105  1.73358
3173.7800  16.57873  1.68662
3225.1100  16.58510  1.64081
3277.2700  16.59023  1.59611
3330.2800  16.59425  1.55251
3384.1500  16.59715  1.50998
3438.8800  16.59907  1.46850
3494.5000  16.60002  1.42809
3551.0200  16.60000  1.38867
3608.4600  16.59907  1.35025
3666.8200  16.59735  1.31282
3726.1300  16.59480  1.27635
3786.4000  16.59150  1.24082
3847.6400  16.58738  1.20618
3909.8700  16.58250  1.17246
3973.1100  16.57698  1.13962
4037.3800  16.57070  1.10764
4102.6800  16.56370  1.07649
4169.0300  16.55595  1.04618
4236.4600  16.54753  1.01668
4304.9800  16.53843  0.98795
4374.6200  16.52848  0.95998
4445.3700  16.51783  0.93277
4517.2700  16.50627  0.90630
4590.3300  16.49390  0.88054
4664.5800  16.48053  0.85548
4740.0300  16.46610  0.83109
4816.6900  16.45060  0.80738
4894.6000  16.43370  0.78431
4973.7700  16.41530  0.76187
5054.2100  16.39518  0.74007
5135.9600  16.37295  0.71884
5219.0300  16.34812  0.69820
5303.4400  16.32007  0.67816
5389.2200  16.28787  0.65866
5476.3900  16.25003  0.63971
5564.9700  16.20425  0.62130
5654.9800  16.14643  0.60338
5746.4400  16.06820  0.58598
5839.3900  15.94828  0.56907
5933.8300  15.69485  0.55265
5989.1000  14.01172  0.54343
5989.3000  14.01189  1.38790
6029.8100  15.63472  1.37319
6127.3300  15.97757  1.33897
6226.4400  16.13188  1.30541
6327.1500  16.23310  1.27250
6429.4800  16.30825  1.24018
6533.4800  16.36778  1.20855
6639.1500  16.41662  1.17753
6746.5400  16.45785  1.14715
6855.6500  16.49315  1.11742
6966.5400  16.52380  1.08830
7079.2200  16.55070  1.05978
7193.7200  16.57440  1.03189
7310.0700  16.59548  1.00463
7428.3100  16.61423  0.97796
7548.4500  16.63110  0.95187
7670.5400  16.64617  0.92639
7794.6100  16.65983  0.90148
7920.6800  16.67217  0.87714
8048.7900  16.68333  0.85338
8178.9800  16.69350  0.83018
8311.2600  16.70275  0.80752
8445.6900  16.71128  0.78541
8582.2900  16.71923  0.76381
8721.1100  16.72665  0.74274
8862.1600  16.73380  0.72220
9005.5000  16.74087  0.70215
9151.1600  16.74820  0.68260
9299.1700  16.75630  0.66352
9449.5800  16.76630  0.64493
9602.4200  16.78187  0.62683
9757.7300  16.82310  0.60917
9915.5500  16.79548  0.59195
10075.9000  16.75650  0.57518
10238.9000  16.74945  0.55884
10404.5000  16.74148  0.54293
10572.8000  16.73487  0.52743
10743.8000  16.72922  0.51234
10917.6000  16.72420  0.49764
11094.2000  16.71968  0.48333
11273.6000  16.71548  0.46940
11455.9000  16.71148  0.45584
11641.2000  16.70772  0.44264
11829.5000  16.70407  0.42980
12020.8000  16.70060  0.41730
12215.3000  16.69708  0.40514
12412.8000  16.69370  0.39331
12613.6000  16.69040  0.38180
12817.6000  16.68715  0.37061
13025.0000  16.68395  0.35972
13235.6000  16.68075  0.34913
13449.7000  16.67757  0.33884
13667.2000  16.67448  0.32883
13888.3000  16.67130  0.31909
14112.9000  16.66822  0.30963
14341.2000  16.66518  0.30043
14573.1000  16.66215  0.29149
14808.9000  16.65910  0.28280
15048.4000  16.65612  0.27435
15291.8000  16.65310  0.26615
15539.1000  16.65018  0.25817
15790.4000  16.64725  0.25042
16045.8000  16.64438  0.24289
16305.4000  16.64143  0.23558
16569.1000  16.63860  0.22847
16837.1000  16.63575  0.22157
17109.4000  16.63300  0.21487
17386.1000  16.63022  0.20835
17667.4000  16.62743  0.20203
17953.1000  16.62473  0.19589
18243.5000  16.62203  0.18992
18538.6000  16.61940  0.18413
18838.4000  16.61673  0.17851
19143.1000  16.61413  0.17305
19452.7000  16.61160  0.16775
19767.4000  16.60905  0.16260
20087.1000  16.60650  0.15760
20412.0000  16.60400  0.15275
20742.1000  16.60160  0.14805
21077.6000  16.59917  0.14348
21418.5000  16.59678  0.13905
21765.0000  16.59443  0.13475
22117.0000  16.59215  0.13058
22474.7000  16.58990  0.12654
22838.2000  16.58762  0.12261
23207.6000  16.58537  0.11881
23583.0000  16.58322  0.11511
23964.4000  16.58113  0.11153
24352.0000  16.57897  0.10806
24745.9000  16.57690  0.10469
25146.2000  16.57490  0.10142
25552.9000  16.57293  0.09825
25966.2000  16.57098  0.09518
26386.1000  16.56900  0.09220
26812.9000  16.56715  0.08931
27246.6000  16.56527  0.08650
27687.3000  16.56345  0.08379
28135.1000  16.56170  0.08115
28590.2000  16.55995  0.07860
29052.6000  16.55825  0.07612
29522.5000  16.55700  0.07372
30000.0000  16.55438  0.07139
