CrSi2IMDA
36.06
4.972
E     f1    f2
18.0000  3.67662  2.68264
18.2000  3.70884  2.65855
18.4000  3.72616  2.62644
18.6000  3.74072  2.59705
18.8000  3.75555  2.57333
19.0000  3.80512  2.23044
19.2000  3.83087  2.20144
19.4000  3.82789  2.45581
19.6000  3.87154  2.16334
19.8000  3.87549  2.23848
20.0000  3.87858  2.22851
20.2000  3.88232  2.10253
20.4000  3.87165  2.05414
20.6000  3.86329  2.02643
20.8000  3.85645  1.99833
21.0000  3.85484  1.97249
21.2000  3.86086  1.95046
21.4000  3.87046  1.93063
21.6000  3.88304  1.91237
21.8000  3.89477  1.89054
22.0000  3.90830  1.86331
22.2000  3.91598  1.84740
22.4000  3.92361  1.83181
22.6000  3.93209  1.82106
22.8000  3.94196  1.80972
23.0000  3.94867  1.78883
23.2000  3.95526  1.75642
23.4000  3.95646  1.73504
23.6000  3.95149  1.72502
23.8000  3.94639  1.71480
24.0000  3.95717  1.66579
24.2000  3.96807  1.61522
24.4000  3.95179  1.59024
24.6000  3.93531  1.56408
24.8000  3.92980  1.53698
25.0000  3.93432  1.50888
25.2000  3.93736  1.48022
25.4000  3.90157  1.46713
25.6000  3.86497  1.45319
25.8000  3.84265  1.43387
26.0000  3.83561  1.40960
26.2000  3.82830  1.38425
26.4000  3.81954  1.36661
26.6000  3.80991  1.35477
26.8000  3.80000  1.34218
27.0000  3.79301  1.33708
27.2000  3.78639  1.33758
27.4000  3.77948  1.33779
27.6000  3.76253  1.33044
27.8000  3.73862  1.31660
28.0000  3.71396  1.30195
28.2000  3.69059  1.29624
28.4000  3.66732  1.29641
28.6000  3.64326  1.29629
28.8000  3.62729  1.29718
29.0000  3.61513  1.29870
29.2000  3.60269  1.29993
29.4000  3.60490  1.29566
29.6000  3.61986  1.25582
29.8000  4.42619  1.21456
30.0000  4.45202  1.19298
30.2000  4.44401  1.18323
30.4000  4.42970  1.17396
30.6000  4.41533  1.16475
30.8000  4.40030  1.15601
31.0000  4.38721  1.14732
31.2000  4.37474  1.13882
31.4000  4.36167  1.13051
31.6000  4.34856  1.12226
31.8000  4.33407  1.11444
32.0000  4.31917  1.10659
32.2000  4.30407  1.09885
32.4000  4.28867  1.09155
32.6000  4.27258  1.08439
32.8000  4.25534  1.07739
33.0000  4.23780  1.07044
33.2000  4.22019  1.06350
33.4000  4.20347  1.05705
33.6000  4.19381  1.05103
33.8000  4.18381  1.04499
34.0000  4.17328  1.03921
34.2000  4.16276  1.03357
34.4000  4.14862  1.02768
34.6000  4.13112  1.02165
34.8000  4.11366  1.01573
35.0000  4.09546  1.00992
35.2000  4.07679  1.00416
35.4000  4.05743  0.99848
35.6000  4.03697  0.99309
35.8000  4.01612  0.98764
36.0000  3.99488  0.98221
36.2000  3.97263  0.97711
36.4000  3.95340  0.97011
36.6000  3.93842  0.96040
36.8000  3.92160  0.95108
37.0000  3.90435  0.94230
37.2000  3.88659  0.93409
37.4000  3.86774  0.92910
37.6000  3.83880  0.93191
37.8000  3.80917  0.93513
38.0000  3.77988  0.93895
38.2000  3.75009  0.94299
38.4000  3.72007  0.94725
38.6000  3.68994  0.95249
38.8000  3.66703  0.95435
39.0000  3.64372  0.95639
39.2000  3.61963  0.95871
39.4000  3.59496  0.96139
39.6000  3.56986  0.96557
39.8000  3.54418  0.97148
40.0000  3.50848  0.97842
40.2000  3.47145  0.98550
40.4000  3.43402  0.99280
40.6000  3.39678  1.00042
40.8000  3.35837  1.00847
41.0000  3.31908  1.01676
41.2000  3.27986  1.02617
41.4000  3.24664  1.03632
41.6000  3.21311  1.04817
41.8000  3.17925  1.06219
42.0000  3.14488  1.07749
42.2000  3.10884  1.09298
42.4000  3.07163  1.10874
42.6000  3.03247  1.12460
42.8000  2.99125  1.14481
43.0000  2.94869  1.16983
43.2000  2.90444  1.20232
43.4000  2.85924  1.23761
43.6000  2.82009  1.27811
43.8000  2.78190  1.32015
44.0000  2.74799  1.36612
44.2000  2.71560  1.41402
44.4000  2.68537  1.46411
44.6000  2.65788  1.51614
44.8000  2.63181  1.56953
45.0000  2.61147  1.62636
45.2000  2.59213  1.68451
45.4000  2.57816  1.74547
45.6000  2.56666  1.80771
45.8000  2.56915  1.87232
46.0000  2.57732  1.93820
46.2000  2.59286  2.00567
46.4000  2.61054  2.06355
46.6000  2.63078  2.10899
46.8000  2.65263  2.14655
47.0000  2.67585  2.17757
47.2000  2.69617  2.20917
47.4000  2.71495  2.24112
47.6000  2.73107  2.27331
47.8000  2.74608  2.30556
48.0000  2.76131  2.33840
48.2000  2.77663  2.37174
48.4000  2.79191  2.40515
48.6000  2.80741  2.43904
48.8000  2.82759  2.47104
49.0000  2.84892  2.50308
49.2000  2.87227  2.53417
49.4000  2.89615  2.56538
49.6000  2.91749  2.58987
49.8000  2.93886  2.61381
50.0000  2.95938  2.63500
50.2000  2.98003  2.65585
50.4000  2.99950  2.67699
50.6000  3.01894  2.69823
50.8000  3.03790  2.71945
51.0000  3.05697  2.74079
51.2000  3.07660  2.76239
51.4000  3.09664  2.78396
51.6000  3.11616  2.80566
51.8000  3.13558  2.82748
52.0000  3.15781  2.84783
52.2000  3.18210  2.86716
52.4000  3.20705  2.88608
52.6000  3.23268  2.90460
52.8000  3.25766  2.92104
53.0000  3.28085  2.93308
53.2000  3.30402  2.94474
53.4000  3.32649  2.95503
53.6000  3.34908  2.96542
53.8000  3.36924  2.97579
54.0000  3.38905  2.98611
54.2000  3.40842  2.99655
54.4000  3.42787  3.00692
54.6000  3.44722  3.01723
54.8000  3.46681  3.02765
55.0000  3.48647  3.03819
55.2000  3.50620  3.04850
55.4000  3.52635  3.05892
55.6000  3.54892  3.06928
55.8000  3.57159  3.07976
56.0000  3.59453  3.09018
56.2000  3.61727  3.10040
56.4000  3.64085  3.10514
56.6000  3.66549  3.10619
56.8000  3.69044  3.10704
57.0000  3.71532  3.10732
57.2000  3.74051  3.10722
57.4000  3.75984  3.10442
57.6000  3.77939  3.10137
57.8000  3.79839  3.09828
58.0000  3.81741  3.09495
58.2000  3.83545  3.09178
58.4000  3.85169  3.08859
58.6000  3.86810  3.08535
58.8000  3.88483  3.08231
59.0000  3.90979  3.07921
59.2000  3.93513  3.07630
59.4000  3.96063  3.07336
59.6000  3.98632  3.07021
59.8000  4.01174  3.06745
60.0000  4.03734  3.06427
60.2000  4.06183  3.05662
60.4000  4.08582  3.04720
60.6000  4.10974  3.03768
60.8000  4.13359  3.02808
61.0000  4.15779  3.01840
61.2000  4.17840  3.00908
61.4000  4.19822  2.99947
61.6000  4.21812  2.98978
61.8000  4.23415  2.98020
62.0000  4.24345  2.97047
62.2000  4.25057  2.96113
62.4000  4.25750  2.95151
62.6000  4.26449  2.94207
62.8000  4.27106  2.93282
63.0000  4.27789  2.92328
63.2000  4.28384  2.91418
63.4000  4.28934  2.90504
63.6000  4.29487  2.89564
63.8000  4.30019  2.88669
64.0000  4.30576  2.87748
64.2000  4.31112  2.86849
64.4000  4.31626  2.85973
64.6000  4.32142  2.85072
64.8000  4.32635  2.84170
65.0000  4.33187  2.83242
65.2000  4.34005  2.82243
65.4000  4.34749  2.81093
65.6000  4.35493  2.79914
65.8000  4.36211  2.78733
66.0000  4.36905  2.77576
66.2000  4.37597  2.76391
66.4000  4.38031  2.75230
66.6000  4.38487  2.74017
66.8000  4.38913  2.72828
67.0000  4.39310  2.71665
67.2000  4.39702  2.70476
67.4000  4.40010  2.69313
67.6000  4.40233  2.68178
67.8000  4.40423  2.67044
68.0000  4.40606  2.65912
68.2000  4.40783  2.64781
68.4000  4.40953  2.63626
68.6000  4.40943  2.62556
68.8000  4.40789  2.61462
69.0000  4.40655  2.60372
69.2000  4.40511  2.59341
69.4000  4.40359  2.58288
69.6000  4.40170  2.57354
69.8000  4.39971  2.56512
70.0000  4.39734  2.55649
