CrSi
40.04
5.5
E     f1    f2
10.0000  -4998.84521  0.59194
10.1617  -4997.58105  0.73768
10.3261  -4997.58105  0.76202
10.4931  -4997.58105  0.78743
10.6628  -4997.58105  0.81396
10.8353  -4997.58105  0.84166
11.0106  -4997.58105  0.87059
11.1886  -4997.58105  0.90045
11.3696  -4997.58105  0.92982
11.5535  -4997.58105  0.96039
11.7404  -4997.58105  0.99221
11.9303  -4997.58105  1.02535
12.1232  -4998.70605  0.95088
12.3193  -4997.58105  1.09576
12.5186  -4997.58105  1.13315
12.7210  -4997.58105  1.17207
12.9268  -4997.58105  1.21205
13.1359  -4997.58105  1.25366
13.3483  -4997.58105  1.29695
13.5642  -4997.58105  1.34199
13.7836  -4997.58105  1.38886
14.0066  -4997.58105  1.43954
14.2331  -4997.58105  1.49616
14.4633  -4997.58105  1.55535
14.6973  -4998.53760  1.52458
14.9350  -4997.58105  1.68187
15.1765  -4997.58105  1.72762
15.4220  -4997.58105  1.76963
15.6714  -4997.58105  1.81278
15.9249  -4997.58105  1.85711
16.1825  -4997.58105  1.90264
16.4442  -4997.58105  1.94942
16.7102  -4997.58105  1.98344
16.9805  -4997.58105  2.01657
17.2551  -4997.58105  2.05031
17.5342  -4997.58105  2.08467
17.8178  -4997.58105  2.11967
18.1060  -4997.58105  2.14749
18.3989  -4997.58105  2.16547
18.6964  -4997.58105  2.18362
18.9988  -4997.58105  2.20193
19.3061  -4997.58105  2.22041
19.6184  -4997.58105  2.23429
19.9357  -4997.58105  2.24585
20.2582  -4997.58105  2.25748
20.5858  -4997.58105  2.26917
20.9188  -4997.58105  2.28093
21.2571  -4997.58105  2.29276
21.6009  -4997.58105  2.29686
21.9503  -4997.58105  2.29095
22.3053  -4998.03906  2.28499
22.6661  -4997.58105  2.27920
23.0327  -4997.58105  2.27334
23.4053  -4997.96680  2.26744
23.7838  -4997.58105  2.23431
24.1685  -4997.58105  2.19977
24.5594  -4997.89160  2.16575
24.9566  -4997.86523  2.10485
25.3603  -4997.58105  2.09958
25.7705  -4997.58105  2.06731
26.1873  -4997.58105  2.03558
26.6109  -4997.58105  1.99066
27.0413  -4997.58105  1.93455
27.4786  -4997.58105  1.88017
27.9231  -4997.58105  1.82749
28.3747  -4997.64160  1.77058
28.8337  -4997.58105  1.72699
29.3000  4.89019  1.68089
29.7739  4.87011  1.63889
30.2555  4.84788  1.59810
30.7449  4.82285  1.55850
31.2421  4.79434  1.52004
31.7475  4.76217  1.48309
32.2609  4.72602  1.44961
32.7827  4.68868  1.41817
33.3130  4.64888  1.38765
33.8518  4.60584  1.35801
34.3993  4.55914  1.32922
34.9557  4.50820  1.30101
35.5211  4.45185  1.27345
36.0956  4.38914  1.24672
36.6794  4.31824  1.22078
37.2727  4.23395  1.19562
37.8755  4.13941  1.18958
38.4882  4.04339  1.18636
39.1107  3.93924  1.19167
39.7432  3.82551  1.19901
40.3861  3.70134  1.22932
41.0393  3.57365  1.26393
41.7031  3.42357  1.30778
42.3776  3.26541  1.38227
43.0630  3.07912  1.46176
43.7595  2.86383  1.64444
44.4673  2.70349  1.88826
45.1865  2.58877  2.17362
45.9174  2.53790  2.50762
46.6600  2.62851  2.88145
47.4147  2.76325  3.05580
48.1816  2.85839  3.24155
48.9609  2.95689  3.43943
49.7528  3.10634  3.62484
50.5576  3.24353  3.75264
51.3753  3.37233  3.88521
52.2062  3.51195  4.02274
53.0506  3.69279  4.14232
53.9087  3.85614  4.21246
54.7806  4.00902  4.28381
55.6667  4.16589  4.35639
56.5670  4.34844  4.43022
57.4820  4.55464  4.43724
58.4117  4.72130  4.42106
59.3564  4.86921  4.40499
60.3165  5.02380  4.39232
61.2921  5.17050  4.33174
62.2834  5.29019  4.27013
63.2908  5.39329  4.20977
64.3145  5.48823  4.15065
65.3547  5.58434  4.09245
66.4118  5.67131  4.00670
67.4859  5.73354  3.91817
68.5775  5.77848  3.83186
69.6867  5.80552  3.74830
70.8138  5.82661  3.67922
71.9591  5.84081  3.60680
73.1230  5.84402  3.53582
74.3057  5.83292  3.46623
75.5076  5.81554  3.41365
76.7289  5.79594  3.36184
77.9699  5.76797  3.31124
79.2310  5.73127  3.26195
80.5125  5.68407  3.22281
81.8147  5.62400  3.19077
83.1380  5.56681  3.17096
84.4827  5.50541  3.15159
85.8491  5.43857  3.13763
87.2377  5.36707  3.12381
88.6487  5.28522  3.11016
90.0825  5.18981  3.09615
91.5395  5.07433  3.08245
93.0201  4.93281  3.07042
94.5246  4.75351  3.05866
96.0535  4.50925  3.04717
97.6071  4.12787  3.03593
99.1858  3.24076  3.04178
100.7900  3.79158  4.97272
102.4200  4.35019  4.77170
104.0770  4.27732  4.62550
105.7600  4.15789  4.82248
107.4710  4.14606  5.08803
109.2090  4.15802  5.29695
110.9750  4.18532  5.54180
112.7700  4.24292  5.78988
114.5940  4.25070  6.03138
116.4480  4.33913  6.43912
118.3310  4.62446  6.79776
120.2450  4.96324  6.98863
122.1900  5.23502  7.14977
124.1660  5.50280  7.24146
126.1750  5.72003  7.33013
128.2150  5.91885  7.44836
130.2890  6.15386  7.60869
132.3970  6.53833  7.73722
134.5380  6.96845  7.64888
136.7140  7.12880  7.41216
138.9250  7.17336  7.36388
141.1720  7.22950  7.40610
143.4560  7.33965  7.42331
145.7760  7.45430  7.54312
148.1340  7.64548  7.61877
150.5300  7.78075  7.64192
152.9640  8.00216  7.78899
155.4390  8.19686  7.56933
157.9530  8.19206  7.67398
160.5070  8.31100  7.82479
163.1030  8.56994  8.01737
165.7420  8.87726  8.10654
168.4220  9.28456  8.16035
171.1460  9.72471  8.06376
173.9150  10.03573  7.75030
176.7270  10.13281  7.45427
179.5860  10.13764  7.30101
182.4910  10.19826  7.26441
185.4420  10.30608  7.19793
188.4420  10.40550  7.13177
191.4890  10.50339  7.07042
194.5870  10.60427  7.01238
197.7340  10.70449  6.95483
200.9320  10.80289  6.89777
204.1820  10.89723  6.84580
207.4850  10.99627  6.79907
210.8400  11.09854  6.75264
214.2510  11.20457  6.70654
217.7160  11.31850  6.65849
221.2370  11.43670  6.60411
224.8160  11.55055  6.52563
228.4520  11.65375  6.44811
232.1470  11.74810  6.37152
235.9020  11.83830  6.29586
239.7170  11.92520  6.22113
243.5950  12.00975  6.14728
247.5350  12.09460  6.07435
251.5380  12.17735  5.99510
255.6070  12.25515  5.91307
259.7410  12.32615  5.83216
263.9420  12.39350  5.75239
268.2110  12.45780  5.67376
272.5490  12.51940  5.59624
276.9570  12.57915  5.51983
281.4370  12.63825  5.44450
285.9890  12.69775  5.36553
290.6150  12.75185  5.28418
295.3150  12.80240  5.20407
300.0920  12.85000  5.12306
304.9450  12.89365  5.04038
309.8780  12.93305  4.95898
314.8900  12.96860  4.87774
319.9830  13.00060  4.79783
325.1580  13.02955  4.71924
330.4180  13.05590  4.64194
335.7620  13.08010  4.56591
341.1920  13.10325  4.49114
346.7110  13.12825  4.41346
352.3190  13.14665  4.33145
358.0170  13.15955  4.25097
363.8080  13.16995  4.17200
369.6920  13.17970  4.08625
375.6720  13.17785  3.99790
381.7480  13.16665  3.91188
387.9220  13.14975  3.82998
394.1970  13.12785  3.74980
400.5730  13.10020  3.67131
407.0520  13.06645  3.59447
413.6350  13.02520  3.51925
420.3260  12.97680  3.44990
427.1240  12.92450  3.38416
434.0320  12.86780  3.31972
441.0520  12.80475  3.25656
448.1860  12.73450  3.19465
455.4350  12.65670  3.13397
462.8020  12.57005  3.07429
470.2870  12.47210  3.01175
477.8940  12.35885  2.95036
485.6230  12.22885  2.89026
493.4780  12.07940  2.83145
501.4590  11.90660  2.77347
509.5700  11.70305  2.71550
517.8120  11.46000  2.65877
526.1870  11.16418  2.60327
534.6980  10.79420  2.54896
543.3460  10.30919  2.49310
552.1340  9.62424  2.43738
561.0650  8.51635  2.38290
570.1390  5.84256  2.32966
574.0000  -2.84019  2.30778
574.2000  -2.82672  9.83707
579.3610  6.81983  9.68124
588.7320  9.42300  9.40678
598.2540  10.71184  9.13847
607.9300  11.56271  8.87780
617.7630  12.17945  8.62461
627.7550  12.63730  8.37863
637.9080  12.94165  8.17882
648.2260  13.20630  8.05428
658.7110  13.44150  7.93176
669.3650  13.60115  7.84956
680.1910  13.78975  7.85591
691.1930  14.00615  7.86314
702.3720  14.23705  7.87264
713.7330  14.48415  7.88416
725.2770  14.77590  7.89637
737.0080  15.11630  7.84376
748.9280  15.39875  7.70462
761.0420  15.63585  7.56794
773.3510  15.84895  7.43375
785.8590  16.04585  7.30195
798.5700  16.23220  7.17223
811.4860  16.40995  7.04274
824.6110  16.58655  6.91573
837.9490  16.77595  6.77571
851.5020  16.93505  6.59859
865.2740  17.06605  6.42613
879.2690  17.17835  6.25814
893.4910  17.27255  6.09459
907.9430  17.35485  5.94794
922.6280  17.43400  5.80906
937.5510  17.51160  5.67348
952.7150  17.58790  5.54108
968.1240  17.65925  5.40178
983.7830  17.72015  5.26245
999.6950  17.76805  5.12671
1015.8600  17.80780  5.00113
1032.2900  17.84800  4.88351
1048.9900  17.88720  4.76726
1065.9600  17.92225  4.65232
1083.2000  17.95305  4.54014
1100.7200  17.97955  4.43156
1118.5200  18.00400  4.32668
1136.6100  18.02625  4.22430
1155.0000  18.04600  4.12431
1173.6801  18.06330  4.02669
1192.6600  18.07835  3.93136
1211.9500  18.09105  3.83827
1231.5500  18.10185  3.74737
1251.4700  18.11075  3.65798
1271.7200  18.11755  3.56999
1292.2900  18.12125  3.48321
1313.1899  18.12220  3.39853
1334.4301  18.12060  3.31590
1356.0100  18.11650  3.23524
1377.9399  18.10990  3.15651
1400.2300  18.10085  3.07969
1422.8800  18.08935  3.00475
1445.8900  18.07530  2.93158
1469.2800  18.05900  2.85975
1493.0400  18.04025  2.78904
1517.1899  18.01705  2.71711
1541.7300  17.98820  2.64662
1566.6700  17.95335  2.57791
1592.0100  17.91210  2.51098
1617.7600  17.86335  2.44579
1643.9200  17.80540  2.38231
1670.5100  17.73570  2.32050
1697.5300  17.65010  2.26029
1724.9900  17.54185  2.20163
1752.8900  17.39665  2.14316
1781.2400  17.18230  2.08580
1810.0500  16.79656  2.02968
1839.3199  14.29913  3.86989
1869.0699  16.91791  3.77633
1899.3000  17.36330  3.68502
1930.0200  17.63015  3.59595
1961.2400  17.82140  3.50904
1992.9600  17.96955  3.42419
2025.2000  18.09240  3.34326
2057.9500  18.19605  3.26066
2091.2400  18.28360  3.17959
2125.0601  18.35920  3.10011
2159.4299  18.42515  3.02225
2194.3601  18.48305  2.94587
2229.8501  18.53410  2.87111
2265.9199  18.57925  2.79791
2302.5701  18.61940  2.72631
2339.8101  18.65500  2.65616
2377.6599  18.68655  2.58750
2416.1101  18.71455  2.52040
2455.1899  18.73925  2.45476
2494.8999  18.76100  2.39060
2535.2600  18.78010  2.32790
2576.2600  18.79675  2.26665
2617.9299  18.81120  2.20677
2660.2700  18.82345  2.14828
2703.3000  18.83385  2.09121
2747.0300  18.84250  2.03542
2791.4600  18.84935  1.98096
2836.6101  18.85480  1.92790
2882.4900  18.85875  1.87603
2929.1101  18.86135  1.82541
2976.4800  18.86260  1.77609
3024.6299  18.86275  1.72799
3073.5500  18.86175  1.68105
3123.2600  18.85970  1.63529
3173.7800  18.85665  1.59067
3225.1101  18.85260  1.54719
3277.2700  18.84765  1.50482
3330.2800  18.84180  1.46352
3384.1499  18.83510  1.42326
3438.8799  18.82765  1.38405
3494.5000  18.81935  1.34586
3551.0200  18.81030  1.30866
3608.4600  18.80045  1.27243
3666.8201  18.78990  1.23716
3726.1299  18.77860  1.20281
3786.3999  18.76660  1.16938
3847.6399  18.75385  1.13682
3909.8701  18.74030  1.10513
3973.1101  18.72605  1.07429
4037.3799  18.71100  1.04429
4102.6802  18.69510  1.01508
4169.0298  18.67830  0.98667
4236.4600  18.66065  0.95904
4304.9800  18.64205  0.93215
4374.6201  18.62235  0.90599
4445.3701  18.60155  0.88054
4517.2700  18.57945  0.85579
4590.3301  18.55600  0.83174
4664.5801  18.53095  0.80834
4740.0298  18.50410  0.78558
4816.6899  18.47530  0.76346
4894.6001  18.44410  0.74195
4973.7700  18.41010  0.72104
5054.2100  18.37285  0.70072
5135.9600  18.33160  0.68097
5219.0298  18.28535  0.66176
5303.4399  18.23285  0.64311
5389.2202  18.17215  0.62498
5476.3901  18.10035  0.60735
5564.9702  18.01280  0.59024
5654.9800  17.90125  0.57359
5746.4399  17.74900  0.55743
5839.3901  17.51345  0.54173
5933.8301  17.01090  0.52648
5989.1001  13.64718  0.51789
5989.2998  13.64753  2.20689
6029.8101  16.89505  2.18469
6127.3301  17.58525  2.13288
6226.4399  17.89835  2.08192
6327.1499  18.10530  2.03179
6429.4800  18.26020  1.98247
6533.4800  18.38375  1.93402
6639.1499  18.48605  1.88639
6746.5400  18.57300  1.83962
6855.6499  18.64810  1.79376
6966.5400  18.71390  1.74873
7079.2202  18.77210  1.70453
7193.7202  18.82390  1.66122
7310.0698  18.87035  1.61880
7428.3101  18.91215  1.57722
7548.4502  18.95000  1.53645
7670.5400  18.98425  1.49658
7794.6099  19.01545  1.45751
7920.6802  19.04385  1.41929
8048.7900  19.06975  1.38191
8178.9800  19.09350  1.34536
8311.2598  19.11520  1.30960
8445.6904  19.13515  1.27468
8582.2900  19.15355  1.24048
8721.1104  19.17050  1.20709
8862.1602  19.18630  1.17449
9005.5000  19.20115  1.14263
9151.1602  19.21530  1.11153
9299.1699  19.22920  1.08114
9449.5801  19.24360  1.05150
9602.4199  19.26105  1.02261
9757.7305  19.29500  0.99439
9915.5498  19.28245  0.96683
10075.9004  19.26180  0.93997
10238.9004  19.26190  0.91378
10404.5000  19.26095  0.88824
10572.7998  19.26045  0.86334
10743.7998  19.26015  0.83908
10917.5996  19.25990  0.81543
11094.2002  19.25965  0.79238
11273.5996  19.25925  0.76992
11455.9004  19.25865  0.74805
11641.2002  19.25795  0.72674
11829.5000  19.25705  0.70598
12020.7998  19.25600  0.68577
12215.2998  19.25465  0.66609
12412.7998  19.25320  0.64694
12613.5996  19.25160  0.62829
12817.5996  19.24980  0.61014
13025.0000  19.24790  0.59247
13235.5996  19.24580  0.57528
13449.7002  19.24355  0.55855
13667.2002  19.24125  0.54227
13888.2998  19.23870  0.52644
14112.9004  19.23615  0.51104
14341.2002  19.23345  0.49605
14573.0996  19.23070  0.48149
14808.9004  19.22780  0.46732
15048.4004  19.22485  0.45354
15291.7998  19.22180  0.44015
15539.0996  19.21875  0.42712
15790.4004  19.21560  0.41446
16045.7998  19.21245  0.40216
16305.4004  19.20915  0.39020
16569.0996  19.20590  0.37857
16837.0996  19.20260  0.36728
17109.4004  19.19930  0.35630
17386.0996  19.19595  0.34563
17667.4004  19.19255  0.33527
17953.0996  19.18915  0.32520
18243.5000  19.18575  0.31542
18538.5996  19.18240  0.30592
18838.4004  19.17895  0.29669
19143.0996  19.17555  0.28772
19452.6992  19.17220  0.27902
19767.4004  19.16880  0.27056
20087.0996  19.16540  0.26235
20412.0000  19.16200  0.25438
20742.0996  19.15870  0.24664
21077.5996  19.15535  0.23912
21418.5000  19.15205  0.23183
21765.0000  19.14875  0.22475
22117.0000  19.14550  0.21787
22474.6992  19.14230  0.21120
22838.1992  19.13905  0.20473
23207.5996  19.13585  0.19845
23583.0000  19.13275  0.19235
23964.4004  19.12965  0.18643
24352.0000  19.12655  0.18069
24745.9004  19.12350  0.17512
25146.1992  19.12050  0.16972
25552.9004  19.11755  0.16447
25966.1992  19.11465  0.15938
26386.0996  19.11170  0.15445
26812.9004  19.10890  0.14966
27246.5996  19.10605  0.14502
27687.3008  19.10330  0.14051
28135.0996  19.10060  0.13614
28590.1992  19.09790  0.13190
29052.5996  19.09530  0.12779
29522.5000  19.09320  0.12381
30000.0000  19.08905  0.11994
