mo2cb4
35.33
5.97
E     f1    f2
10.0000  -9999.00000  1.55340
10.1617  -9999.00000  1.56550
10.3261  -9999.00000  1.57817
10.4931  -9999.00000  1.59144
10.6628  -9999.00000  1.60532
10.8353  -9999.00000  1.62005
11.0106  -9999.00000  1.63606
11.1886  -9999.00000  1.65286
11.3696  -9999.00000  1.67124
11.5535  -9999.00000  1.70441
11.7404  -9999.00000  1.73934
11.9303  -9999.00000  1.77610
12.1232  -9999.00000  1.81377
12.3193  -9999.00000  1.85328
12.5186  -9999.00000  1.89475
12.7210  -9999.00000  1.93829
12.9268  -9999.00000  1.98398
13.1359  -9999.00000  2.03127
13.3483  -9999.00000  2.07938
13.5642  -9999.00000  2.12544
13.7836  -9999.00000  2.17269
14.0066  -9999.00000  2.22192
14.2331  -9999.00000  2.27320
14.4633  -9999.00000  2.32662
14.6973  -9999.00000  2.38067
14.9350  -9999.00000  2.43359
15.1765  -9999.00000  2.48657
15.4220  -9999.00000  2.53829
15.6714  -9999.00000  2.59205
15.9249  -9999.00000  2.64790
16.1825  -9999.00000  2.70451
16.4442  -9999.00000  2.75872
16.7102  -9999.00000  2.81501
16.9805  -9999.00000  2.87264
17.2551  -9999.00000  2.91207
17.5342  -9999.00000  2.95257
17.8178  -9999.00000  2.99334
18.1060  -9999.00000  3.03208
18.3989  -9999.00000  3.07185
18.6964  -9999.00000  3.11268
18.9988  -9999.00000  3.15458
19.3061  -9999.00000  3.18724
19.6184  -9999.00000  3.19365
19.9357  -9999.00000  3.20018
20.2582  -9999.00000  3.20682
20.5858  -9999.00000  3.20899
20.9188  -9999.00000  3.20921
21.2571  -9999.00000  3.20953
21.6009  -9999.00000  3.19341
21.9503  -9999.00000  3.16818
22.3053  -9999.00000  3.14316
22.6661  -9999.00000  3.11834
23.0327  -9999.00000  3.09304
23.4053  -9999.00000  3.06398
23.7838  -9999.00000  3.02866
24.1685  -9999.00000  2.96679
24.5594  -9999.00000  2.90630
24.9566  -9999.00000  2.84717
25.3603  -9999.00000  2.78937
25.7705  -9999.00000  2.72791
26.1873  -9999.00000  2.60854
26.6109  -9999.00000  2.49471
27.0413  -9999.00000  2.38732
27.4786  -9999.00000  2.28599
27.9231  -9999.00000  2.19021
28.3747  -9999.00000  2.09975
28.8337  -9999.00000  2.01432
29.3000  4.10425  1.93364
29.7739  3.99577  1.89258
30.2555  3.91573  1.88068
30.7449  3.84204  1.86934
31.2421  3.76443  1.85816
31.7475  3.66873  1.85509
32.2609  3.57790  1.88667
32.7827  3.49628  1.92016
33.3130  3.41307  1.95564
33.8518  3.31331  1.99415
34.3993  3.21149  2.08130
34.9557  3.12439  2.17647
35.5211  3.03954  2.28021
36.0956  2.95622  2.41463
36.6794  2.89098  2.56844
37.2727  2.84052  2.73849
37.8755  2.80572  2.92635
38.4882  2.78935  3.13463
39.1107  2.79923  3.36578
39.7432  2.84489  3.62027
40.3861  2.94596  3.90034
41.0393  3.16358  4.15862
41.7031  3.36850  4.29707
42.3776  3.55396  4.44208
43.0630  3.74820  4.59384
43.7595  3.98337  4.75269
44.4673  4.29852  4.84524
45.1865  4.56230  4.87859
45.9174  4.81818  4.91368
46.6600  5.11703  4.91573
47.4147  5.37580  4.84773
48.1816  5.61112  4.78072
48.9609  5.85590  4.71460
49.7528  6.08564  4.56986
50.5576  6.26444  4.42205
51.3753  6.41587  4.27910
52.2062  6.54904  4.14100
53.0506  6.66935  4.00759
53.9087  6.78150  3.87934
54.7806  6.89682  3.75589
55.6667  7.01483  3.60021
56.5670  7.09704  3.43721
57.4820  7.15706  3.28228
58.4117  7.20402  3.13504
59.3564  7.24079  2.99498
60.3165  7.26948  2.86166
61.2921  7.29191  2.73447
62.2834  7.30861  2.61242
63.2908  7.32069  2.49635
64.3145  7.33044  2.38595
65.3547  7.34201  2.28093
66.4118  7.36041  2.16440
67.4859  7.35689  2.04081
68.5775  7.34165  1.92531
69.6867  7.31914  1.81718
70.8138  7.29132  1.71601
71.9591  7.25939  1.62118
73.1230  7.22414  1.53244
74.3057  7.18626  1.44941
75.5076  7.14631  1.37170
76.7289  7.10469  1.29896
77.9699  7.06172  1.23085
79.2310  7.01760  1.16695
80.5125  6.97245  1.10708
81.8147  6.92629  1.05084
83.1380  6.87934  0.99867
84.4827  6.83197  0.94976
85.8491  6.78399  0.90383
87.2377  6.73524  0.86068
88.6487  6.68541  0.82011
90.0825  6.63375  0.78194
91.5395  6.57733  0.74682
93.0201  6.52329  0.72450
94.5246  6.47345  0.70294
96.0535  6.42566  0.68211
97.6071  6.37822  0.66198
99.1858  6.32928  0.64313
100.7900  6.28149  0.62796
102.4200  6.23437  0.61289
104.0770  6.18611  0.59823
105.7600  6.13357  0.58393
107.4710  6.07965  0.57944
109.2090  6.03021  0.57777
110.9750  5.98225  0.57645
112.7700  5.93207  0.57758
114.5940  5.88570  0.58263
116.4480  5.84184  0.58766
118.3310  5.79874  0.59296
120.2450  5.75612  0.59865
122.1900  5.71381  0.60474
124.1660  5.67168  0.61120
126.1750  5.62931  0.61775
128.2150  5.58640  0.62471
130.2890  5.54292  0.63208
132.3970  5.49868  0.63985
134.5380  5.45342  0.64779
136.7140  5.40667  0.65614
138.9250  5.35793  0.66494
141.1720  5.30763  0.67575
143.4560  5.25617  0.68727
145.7760  5.20314  0.69937
148.1340  5.14819  0.71231
150.5300  5.09152  0.72597
152.9640  5.03283  0.73977
155.4390  4.97385  0.75262
157.9530  4.90837  0.76111
160.5070  4.83531  0.76996
163.1030  4.75587  0.77806
165.7420  4.66536  0.78435
168.4220  4.56206  0.79090
171.1460  4.44323  0.79678
173.9150  4.30122  0.80193
176.7270  4.12662  0.80752
179.5860  3.90084  0.81329
182.4910  3.57984  0.81895
185.4420  3.00682  0.82350
188.4420  1.71357  3.16390
191.4890  3.25581  3.12567
194.5870  3.70851  3.08571
197.7340  3.96447  3.04818
200.9320  4.12983  3.01269
204.1820  4.23713  2.97792
207.4850  4.30439  2.95160
210.8400  4.34213  2.93062
214.2510  4.35375  2.90892
217.7160  4.33999  2.89471
221.2370  4.29877  2.88174
224.8160  4.20976  2.88327
228.4520  4.08716  2.92520
232.1470  4.01132  3.03309
235.9020  3.89626  3.09248
239.7170  3.69763  3.17119
243.5950  3.51097  3.46807
247.5350  3.44635  3.78578
251.5380  3.44533  4.09182
255.6070  3.48044  4.38732
259.7410  3.56917  4.67819
263.9420  3.73990  4.94487
268.2110  3.88412  5.11068
272.5490  4.00029  5.25990
276.9570  4.09583  5.39484
281.4370  4.08518  5.50782
285.9890  4.17655  6.20206
290.6150  4.59638  6.28516
295.3150  4.84731  6.33600
300.0920  5.03092  6.38986
304.9450  5.17734  6.49155
309.8780  5.37721  6.61451
314.8900  5.56702  6.67119
319.9830  5.73402  6.73066
325.1580  5.88770  6.79295
330.4180  6.02735  6.85813
335.7620  6.17695  6.95833
341.1920  6.35987  7.04316
346.7110  6.53046  7.09818
352.3190  6.69154  7.15544
358.0170  6.85016  7.21496
363.8080  7.00925  7.27668
369.6920  7.17112  7.34073
375.6720  7.33833  7.40701
381.7480  7.51387  7.47453
387.9220  7.70608  7.54386
394.1970  7.90806  7.58855
400.5730  8.10876  7.62734
407.0520  8.33136  7.66709
413.6350  8.54849  7.65706
420.3260  8.74509  7.64514
427.1240  8.93504  7.63398
434.0320  9.13209  7.62356
441.0520  9.33068  7.59029
448.1860  9.51106  7.54461
455.4350  9.67967  7.49927
462.8020  9.84043  7.45437
470.2870  9.99500  7.41004
477.8940  10.13724  7.36643
485.6230  10.28047  7.34143
493.4780  10.43348  7.31877
501.4590  10.59378  7.29670
509.5700  10.78014  7.27488
517.8120  10.96254  7.21211
526.1870  11.13098  7.15001
534.6980  11.29773  7.08842
543.3460  11.47933  7.02751
552.1340  11.67598  6.93300
561.0650  11.83925  6.80384
570.1390  11.97885  6.67736
579.3610  12.10443  6.55281
588.7320  12.22037  6.42949
598.2540  12.32449  6.30507
607.9300  12.41800  6.18309
617.7630  12.50211  6.06353
627.7550  12.57744  5.94625
637.9080  12.63057  5.83386
648.2260  12.68611  5.74746
658.7110  12.74951  5.66201
669.3650  12.81282  5.57798
680.1910  12.87526  5.49662
691.1930  12.93798  5.41758
702.3720  13.00168  5.34002
713.7330  13.06552  5.26238
725.2770  13.12826  5.18512
737.0080  13.19051  5.10908
748.9280  13.25301  5.03428
761.0420  13.31643  4.96063
773.3510  13.38593  4.88817
785.8590  13.46005  4.80638
798.5700  13.52677  4.71605
811.4860  13.59264  4.62745
824.6110  13.65594  4.52523
837.9490  13.70732  4.41864
851.5020  13.74714  4.31447
865.2740  13.77992  4.21267
879.2690  13.79894  4.11322
893.4910  13.81401  4.03238
907.9430  13.83911  3.96024
922.6280  13.88334  3.88942
937.5510  13.90021  3.78068
952.7150  13.90880  3.69845
968.1240  13.90856  3.61806
983.7830  13.91184  3.56418
999.6950  13.93758  3.51260
1015.8600  13.96570  3.44322
1032.2900  13.98665  3.37173
1048.9900  14.00452  3.30064
1065.9600  14.01908  3.22986
1083.2000  14.03110  3.16066
1100.7200  14.04121  3.09295
1118.5200  14.04969  3.02672
1136.6100  14.05672  2.96190
1155.0000  14.06241  2.89849
1173.6800  14.06690  2.83648
1192.6600  14.07034  2.77578
1211.9500  14.07276  2.71639
1231.5500  14.07449  2.65830
1251.4700  14.07552  2.60089
1271.7200  14.07566  2.54408
1292.2900  14.07414  2.48771
1313.1900  14.07113  2.43262
1334.4300  14.06692  2.37876
1356.0100  14.06161  2.32613
1377.9400  14.05527  2.27465
1400.2300  14.04793  2.22431
1422.8800  14.03965  2.17509
1445.8900  14.03058  2.12700
1469.2800  14.02086  2.07976
1493.0400  14.01055  2.03326
1517.1900  13.99883  1.98642
1541.7300  13.98539  1.94047
1566.6700  13.97034  1.89558
1592.0100  13.95391  1.85176
1617.7600  13.93615  1.80894
1643.9200  13.91696  1.76708
1670.5100  13.89634  1.72625
1697.5300  13.87433  1.68638
1724.9900  13.85110  1.64742
1752.8900  13.82620  1.60880
1781.2400  13.79926  1.57092
1810.0500  13.77026  1.53382
1839.3200  13.73894  1.49755
1869.0700  13.70525  1.46214
1899.3000  13.66896  1.42762
1930.0200  13.62986  1.39394
1961.2400  13.58762  1.36105
1992.9600  13.54172  1.32890
2025.2000  13.49224  1.29802
2057.9500  13.43829  1.26711
2091.2400  13.37867  1.23688
2125.0600  13.31265  1.20734
2159.4300  13.23899  1.17845
2194.3600  13.15603  1.15021
2229.8500  13.06153  1.12262
2265.9200  12.95233  1.09565
2302.5700  12.82370  1.06929
2339.8100  12.66825  1.04355
2377.6600  12.47339  1.01838
2416.1100  12.21456  0.99379
2455.1900  11.83248  0.96977
2494.9000  11.09036  0.94630
2520.1000  6.99299  0.93191
2520.3000  6.99347  3.24871
2535.2600  10.65217  3.22086
2576.2600  11.45425  3.14655
2617.9300  11.21672  3.07390
2625.0000  9.74528  3.06187
2625.2000  9.74708  4.18759
2660.2700  12.08609  4.11033
2703.3000  12.57820  4.01881
2747.0300  12.88283  3.92939
2791.4600  13.08355  3.84190
2836.6100  13.16250  3.75639
2865.4000  12.38886  3.70356
2865.6000  12.38980  4.20397
2882.4900  13.27884  4.16978
2929.1100  13.66100  4.07788
2976.4800  13.89969  3.98707
3024.6300  14.09005  3.89766
3073.5500  14.25162  3.80926
3123.2600  14.39269  3.72227
3173.7800  14.51799  3.63668
3225.1100  14.63047  3.55243
3277.2700  14.73228  3.46955
3330.2800  14.82479  3.38782
3384.1500  14.90911  3.30763
3438.8800  14.98630  3.22885
3494.5000  15.05711  3.15148
3551.0200  15.12227  3.07563
3608.4600  15.18225  3.00106
3666.8200  15.23755  2.92797
3726.1300  15.28845  2.85619
3786.4000  15.33547  2.78603
3847.6400  15.37887  2.71701
3909.8700  15.41884  2.64950
3973.1100  15.45571  2.58339
4037.3800  15.48973  2.51862
4102.6800  15.52103  2.45522
4169.0300  15.54983  2.39316
4236.4600  15.57629  2.33246
4304.9800  15.60060  2.27305
4374.6200  15.62287  2.21494
4445.3700  15.64318  2.15813
4517.2700  15.66176  2.10261
4590.3300  15.67867  2.04834
4664.5800  15.69398  1.99526
4740.0300  15.70783  1.94345
4816.6900  15.72029  1.89283
4894.6000  15.73151  1.84337
4973.7700  15.74145  1.79507
5054.2100  15.75029  1.74792
5135.9600  15.75803  1.70189
5219.0300  15.76478  1.65699
5303.4400  15.77057  1.61312
5389.2200  15.77548  1.57035
5476.3900  15.77955  1.52861
5564.9700  15.78284  1.48791
5654.9800  15.78541  1.44819
5746.4400  15.78728  1.40946
5839.3900  15.78851  1.37168
5933.8300  15.78912  1.33487
6029.8100  15.78917  1.29896
6127.3300  15.78865  1.26397
6226.4400  15.78766  1.22987
6327.1500  15.78622  1.19663
6429.4800  15.78430  1.16422
6533.4800  15.78197  1.13268
6639.1500  15.77930  1.10194
6746.5400  15.77627  1.07197
6855.6500  15.77287  1.04278
6966.5400  15.76914  1.01435
7079.2200  15.76516  0.98666
7193.7200  15.76088  0.95968
7310.0700  15.75634  0.93343
7428.3100  15.75155  0.90787
7548.4500  15.74658  0.88298
7670.5400  15.74137  0.85874
7794.6100  15.73599  0.83515
7920.6800  15.73040  0.81219
8048.7900  15.72468  0.78983
8178.9800  15.71879  0.76803
8311.2600  15.71271  0.74687
8445.6900  15.70655  0.72625
8582.2900  15.70022  0.70616
8721.1100  15.69376  0.68666
8862.1600  15.68722  0.66769
9005.5000  15.68060  0.64920
9151.1600  15.67384  0.63119
9299.1700  15.66697  0.61368
9449.5800  15.66002  0.59667
9602.4200  15.65296  0.58011
9757.7300  15.64586  0.56399
9915.5500  15.63866  0.54832
10075.9000  15.63137  0.53308
10238.9000  15.62401  0.51825
10404.5000  15.61655  0.50382
10572.8000  15.60901  0.48979
10743.8000  15.60141  0.47614
10917.6000  15.59370  0.46287
11094.2000  15.58591  0.44996
11273.6000  15.57802  0.43741
11455.9000  15.57004  0.42520
11641.2000  15.56194  0.41333
11829.5000  15.55371  0.40179
12020.8000  15.54540  0.39056
12215.3000  15.53692  0.37964
12412.8000  15.52833  0.36902
12613.6000  15.51957  0.35870
12817.6000  15.51062  0.34866
13025.0000  15.50149  0.33890
13235.6000  15.49214  0.32942
13449.7000  15.48256  0.32019
13667.2000  15.47273  0.31122
13888.3000  15.46259  0.30250
14112.9000  15.45213  0.29402
14341.2000  15.44131  0.28577
14573.1000  15.43006  0.27775
14808.9000  15.41832  0.26996
15048.4000  15.40605  0.26238
15291.8000  15.39318  0.25501
15539.1000  15.37959  0.24785
15790.4000  15.36515  0.24088
16045.8000  15.34977  0.23411
16305.4000  15.33325  0.22753
16569.1000  15.31535  0.22113
16837.1000  15.29586  0.21491
17109.4000  15.27434  0.20886
17386.1000  15.25033  0.20297
17667.4000  15.22315  0.19726
17953.1000  15.19185  0.19169
18243.5000  15.15498  0.18629
18538.6000  15.11021  0.18103
18838.4000  15.05352  0.17592
19143.1000  14.97699  0.17095
19452.7000  14.86124  0.16612
19767.4000  14.63196  0.16143
19999.4000  12.41856  0.15810
19999.6000  12.41862  1.06304
20087.1000  14.38062  1.05576
20412.0000  14.84698  1.02942
20742.1000  15.02966  1.00360
21077.6000  15.14681  0.97829
21418.5000  15.23325  0.95348
21765.0000  15.30158  0.92918
22117.0000  15.35782  0.90538
22474.7000  15.40534  0.88209
22838.2000  15.44622  0.85928
23207.6000  15.48190  0.83697
23583.0000  15.51335  0.81514
23964.4000  15.54131  0.79380
24352.0000  15.56626  0.77292
24745.9000  15.58868  0.75253
25146.2000  15.60889  0.73258
25552.9000  15.62714  0.71310
25966.2000  15.64369  0.69407
26386.1000  15.65873  0.67548
26812.9000  15.67239  0.65733
27246.6000  15.68483  0.63961
27687.3000  15.69613  0.62231
28135.1000  15.70645  0.60543
28590.2000  15.71583  0.58896
29052.6000  15.72438  0.57289
29522.5000  15.73217  0.55721
30000.0000  15.73920  0.54192
