MoB2
3975.42
9.100
E     f1    f2
10.0000  -999900.00000  168.15115
10.1617  -999900.00000  168.84679
10.3261  -999900.00000  169.56848
10.4931  -999900.00000  170.31625
10.6628  -999900.00000  171.09081
10.8353  -999900.00000  171.89244
11.0106  -999900.00000  172.72119
11.1886  -999900.00000  173.57774
11.3696  -999900.00000  174.55217
11.5535  -999900.00000  177.20984
11.7404  -999900.00000  179.99763
11.9303  -999900.00000  182.92032
12.1232  -999900.00000  185.98198
12.3193  -999900.00000  189.18906
12.5186  -999900.00000  192.54668
12.7210  -999900.00000  196.06094
12.9268  -999900.00000  199.73730
13.1359  -999900.00000  203.50539
13.3483  -999900.00000  207.26724
13.5642  -999900.00000  211.19151
13.7836  -999900.00000  215.28371
14.0066  -999900.00000  219.55089
14.2331  -999900.00000  223.99919
14.4633  -999900.00000  228.63507
14.6973  -999900.00000  233.46437
14.9350  -999900.00000  238.49654
15.1765  -999900.00000  243.50179
15.4220  -999900.00000  248.32961
15.6714  -999900.00000  253.36287
15.9249  -999900.00000  258.60812
16.1825  -999900.00000  264.07245
16.4442  -999900.00000  269.76334
16.7102  -999900.00000  275.68896
16.9805  -999900.00000  281.76227
17.2551  -999900.00000  285.66245
17.5342  -999900.00000  289.67596
17.8178  -999900.00000  293.80423
18.1060  -999900.00000  298.04922
18.3989  -999900.00000  302.41507
18.6964  -999900.00000  306.90381
18.9988  -999900.00000  311.51678
19.3061  -999900.00000  315.02933
19.6184  -999900.00000  315.41879
19.9357  -999900.00000  315.81857
20.2582  -999900.00000  316.22943
20.5858  -999900.00000  316.65063
20.9188  -999900.00000  317.08353
21.2571  -999900.00000  317.52646
21.6009  -999900.00000  316.01147
21.9503  -999900.00000  313.41205
22.3053  -999900.00000  310.83456
22.6661  -999900.00000  308.27765
23.0327  -999900.00000  305.74197
23.4053  -999900.00000  303.22733
23.7838  -999900.00000  299.95450
24.1685  -999900.00000  293.50961
24.5594  -999900.00000  287.21619
24.9566  -999900.00000  281.07092
25.3603  -999900.00000  275.06998
25.7705  -999900.00000  268.62054
26.1873  -999900.00000  255.28394
26.6109  -999900.00000  242.74417
27.0413  -999900.00000  230.95264
27.4786  -999900.00000  219.86327
27.9231  -999900.00000  209.41629
28.3747  -999900.00000  199.58366
28.8337  -999900.68750  190.33362
29.3000  421.07227  181.63046
29.7739  407.47104  177.62265
30.2555  397.27933  177.13255
30.7449  387.91229  176.68916
31.2421  378.12317  176.24889
31.7475  366.22083  176.75429
32.2609  354.93243  181.36101
32.7827  344.77014  186.17870
33.3130  334.44861  191.21669
33.8518  322.18832  196.59909
34.3993  309.71332  207.74629
34.9557  299.02432  219.83318
35.5211  288.63464  232.87532
36.0956  278.41083  249.54324
36.6794  270.33975  268.50424
37.2727  264.03021  289.38263
37.8755  259.58722  312.36737
38.4882  257.33365  337.76801
39.1107  258.16571  365.87509
39.7432  263.22479  396.82562
40.3861  274.96039  430.87445
41.0393  300.60983  462.31696
41.7031  324.79086  479.49753
42.3776  346.69357  497.44073
43.0630  369.67572  516.17047
43.7595  397.55859  535.72754
44.4673  435.00601  547.38721
45.1865  466.41568  551.97656
45.9174  496.89218  556.59448
46.6600  532.40912  557.27686
47.4147  563.13898  549.62402
48.1816  591.07141  542.08148
48.9609  620.12543  534.63879
49.7528  647.38940  517.84381
50.5576  668.60071  500.67694
51.3753  686.56470  484.08322
52.2062  702.37134  468.05991
53.0506  716.67639  452.58661
53.9087  730.06061  437.64914
54.7806  743.75604  423.22116
55.6667  757.73126  404.96036
56.5670  767.42773  385.82504
57.4820  774.46692  367.64713
58.4117  779.93414  350.38129
59.3564  784.16779  333.96680
60.3165  787.40558  318.35187
61.2921  789.83826  303.50687
62.2834  791.62274  289.37857
63.2908  792.91736  275.95404
64.3145  793.95819  263.19693
65.3547  795.23279  251.07379
66.4118  797.33142  237.57507
67.4859  796.83557  223.23093
68.5775  794.95483  209.84198
69.6867  792.21887  197.32504
70.8138  788.85779  185.62796
71.9591  785.01605  174.68050
73.1230  780.78558  164.45125
74.3057  776.24799  154.89470
75.5076  771.47168  145.96587
76.7289  766.50146  137.62198
77.9699  761.37549  129.82263
79.2310  756.11804  122.51923
80.5125  750.74298  115.68951
81.8147  745.25226  109.28728
83.1380  739.67206  103.36342
84.4827  734.04736  97.82265
85.8491  728.35406  92.63118
87.2377  722.57458  87.76585
88.6487  716.67072  83.20206
90.0825  710.55347  78.91833
91.5395  703.87402  74.99393
93.0201  697.48328  72.58722
94.5246  691.59546  70.26595
96.0535  685.95618  68.02660
97.6071  680.36218  65.86642
99.1858  674.59460  63.85480
100.7900  668.96661  62.27752
102.4200  663.42511  60.70857
104.0770  657.75299  59.18482
105.7600  651.57690  57.69911
107.4710  645.24384  57.37632
109.2090  639.44763  57.38258
110.9750  633.83130  57.42710
112.7700  627.95575  57.75840
114.5940  622.53802  58.55389
116.4480  617.42340  59.34343
118.3310  612.40533  60.16265
120.2450  607.45123  61.02482
122.1900  602.54047  61.93138
124.1660  597.65765  62.87770
126.1750  592.75195  63.83291
128.2150  587.78961  64.83246
130.2890  582.76404  65.87777
132.3970  577.64893  66.96861
134.5380  572.42383  68.09681
136.7140  567.04102  69.27043
138.9250  561.43634  70.49430
141.1720  555.66272  71.95351
143.4560  549.76520  73.49310
145.7760  543.69720  75.09901
148.1340  537.41858  76.79987
150.5300  530.95099  78.58195
152.9640  524.26349  80.38057
155.4390  517.56482  82.06367
157.9530  510.11765  83.22446
160.5070  501.80020  84.42688
163.1030  492.75598  85.53519
165.7420  482.43668  86.42635
168.4220  470.64429  87.34573
171.1460  457.06793  88.18153
173.9150  440.81601  88.92625
176.7270  420.80148  89.72122
179.5860  394.87714  90.53386
182.4910  357.95468  91.33194
185.4420  291.89017  91.99519
188.4420  142.59618  362.68954
191.4890  321.07993  358.43988
194.5870  373.63980  353.97668
197.7340  403.47046  349.79077
200.9320  422.83896  345.83688
204.1820  435.49783  341.96365
207.4850  443.53696  339.08752
210.8400  448.17737  336.84198
214.2510  449.81522  334.52472
217.7160  448.54730  333.09674
221.2370  444.12418  331.81082
224.8160  434.12109  332.23492
228.4520  420.23059  337.45685
232.1470  412.01682  350.51480
235.9020  399.27356  357.80136
239.7170  376.74506  367.38007
243.5950  355.81668  402.88971
247.5350  349.59018  440.87970
251.5380  351.21277  477.50900
255.6070  357.50027  512.87732
259.7410  370.63394  547.68964
263.9420  394.17523  579.61859
268.2110  415.55594  599.54980
272.5490  435.25842  617.50183
276.9570  455.84866  633.75366
281.4370  474.25381  647.39276
285.9890  492.53229  661.88000
290.6150  513.06207  673.23755
295.3150  529.78735  680.73145
300.0920  542.91736  688.55457
304.9450  553.76080  702.03625
309.8780  572.23340  718.01929
314.8900  590.36749  726.09680
319.9830  606.40723  734.47943
325.1580  621.33295  743.17120
330.4180  634.96082  752.18103
335.7620  650.06885  765.32916
341.1920  669.38446  776.62689
346.7110  687.44122  784.35590
352.3190  704.54114  792.32898
358.0170  721.49524  800.54633
363.8080  738.63123  809.00458
369.6920  756.19562  817.71643
375.6720  774.44598  826.67261
381.7480  793.75140  835.88068
387.9220  815.19153  845.35522
394.1970  837.94531  851.87207
400.5730  860.64844  857.66339
407.0520  886.04688  863.54193
413.6350  910.87488  863.47687
420.3260  933.33423  863.16028
427.1240  955.06641  862.90790
434.0320  977.70258  862.71893
441.0520  1000.57385  859.78851
448.1860  1021.32904  855.35876
455.4350  1040.72864  850.94696
462.8020  1059.23682  846.56506
470.2870  1077.04822  842.22955
477.8940  1093.42542  837.95758
485.6230  1109.94470  835.87775
493.4780  1127.66113  834.08112
501.4590  1146.28699  832.33209
509.5700  1168.04370  830.59167
517.8120  1189.35901  823.96344
526.1870  1209.04053  817.39465
534.6980  1228.54700  810.86780
543.3460  1249.84241  804.40192
552.1340  1272.95032  793.92334
561.0650  1292.10925  779.30524
570.1390  1308.47217  764.98694
579.3610  1323.18420  750.88330
588.7320  1336.76636  736.90710
598.2540  1348.95850  722.78503
607.9300  1359.90430  708.93719
617.7630  1369.74487  695.35944
627.7550  1378.55457  682.03925
637.9080  1384.73535  669.28589
648.2260  1391.21411  659.60944
658.7110  1398.64087  650.03302
669.3650  1406.07483  640.61011
680.1910  1413.42212  631.46790
691.1930  1420.79163  622.56525
702.3720  1428.22473  613.82062
713.7330  1435.65417  605.12097
725.2770  1443.00500  596.49670
737.0080  1450.32849  588.00214
748.9280  1457.70093  579.64050
761.0420  1465.19861  571.40021
773.3510  1473.42932  563.28809
785.8590  1482.21985  554.05402
798.5700  1490.14014  543.79089
811.4860  1497.96851  533.72119
824.6110  1505.49670  522.01904
837.9490  1511.61426  509.78510
851.5020  1516.36133  497.82980
865.2740  1520.27771  486.14520
879.2690  1522.56482  474.73224
893.4910  1524.38806  465.51865
907.9430  1527.40747  457.32864
922.6280  1532.70520  449.28452
937.5510  1534.75269  436.72433
952.7150  1535.82129  427.30585
968.1240  1535.84241  418.09677
983.7830  1536.28442  412.02832
999.6950  1539.39990  406.22485
1015.8600  1542.79944  398.29572
1032.2900  1545.34607  390.10718
1048.9900  1547.52637  381.96179
1065.9600  1549.31812  373.84885
1083.2000  1550.81189  365.91409
1100.7200  1552.08130  358.14944
1118.5200  1553.15747  350.55225
1136.6100  1554.06445  343.11383
1155.0000  1554.81274  335.83588
1173.6801  1555.42041  328.71689
1192.6600  1555.90161  321.74646
1211.9500  1556.26282  314.92496
1231.5500  1556.54187  308.25043
1251.4700  1556.73633  301.65222
1271.7200  1556.82458  295.12000
1292.2900  1556.71777  288.63684
1313.1899  1556.43677  282.29898
1334.4301  1556.01208  276.10205
1356.0100  1555.45825  270.04364
1377.9399  1554.78186  264.11694
1400.2300  1553.98633  258.32025
1422.8800  1553.07922  252.65054
1445.8900  1552.07739  247.10953
1469.2800  1550.99805  241.66602
1493.0400  1549.84851  236.30415
1517.1899  1548.52942  230.89835
1541.7300  1547.00635  225.59399
1566.6700  1545.29211  220.41203
1592.0100  1543.41394  215.35120
1617.7600  1541.37585  210.40527
1643.9200  1539.16772  205.56833
1670.5100  1536.78882  200.85094
1697.5300  1534.24377  196.24266
1724.9900  1531.55322  191.73814
1752.8900  1528.66272  187.27267
1781.2400  1525.52905  182.89134
1810.0500  1522.15015  178.59923
1839.3199  1518.49500  174.40118
1869.0699  1514.55676  170.30321
1899.3000  1510.30859  166.30684
1930.0200  1505.72681  162.40727
1961.2400  1500.77051  158.59840
1992.9600  1495.37756  154.87523
2025.2000  1489.55811  151.29749
2057.9500  1483.20520  147.71596
2091.2400  1476.17859  144.21300
2125.0601  1468.38940  140.78784
2159.4299  1459.69189  137.43874
2194.3601  1449.88843  134.16393
2229.8501  1438.71069  130.96342
2265.9199  1425.78528  127.83529
2302.5701  1410.54980  124.77682
2339.8101  1392.12439  121.78874
2377.6599  1369.01306  118.86820
2416.1101  1338.29578  116.01311
2455.1899  1292.92578  113.22375
2494.8999  1204.75305  110.49892
2520.1001  717.68414  108.82668
2520.3000  717.74139  384.25162
2535.2600  1152.71094  380.96356
2576.2600  1248.11292  372.18973
2617.9299  1219.92285  363.61304
2625.0000  1045.00500  362.19202
2625.2000  1045.21863  496.01898
2660.2700  1323.32214  486.88141
2703.3000  1381.87146  476.05701
2747.0300  1418.13208  465.48044
2791.4600  1442.04004  455.13123
2836.6101  1451.46936  445.01617
2865.3999  1359.52563  438.76767
2865.6001  1359.63733  498.25708
2882.4900  1465.34436  494.21011
2929.1101  1510.81812  483.33215
2976.4800  1539.23560  472.58261
3024.6299  1561.90613  461.99890
3073.5500  1581.15479  451.53320
3123.2600  1597.96448  441.23315
3173.7800  1612.89905  431.09860
3225.1101  1626.30920  421.12274
3277.2700  1638.44910  411.30887
3330.2800  1649.48315  401.62967
3384.1499  1659.54285  392.13278
3438.8799  1668.75439  382.80112
3494.5000  1677.20642  373.63794
3551.0200  1684.98645  364.65347
3608.4600  1692.14966  355.82034
3666.8201  1698.75659  347.16245
3726.1299  1704.83862  338.65857
3786.3999  1710.45947  330.34668
3847.6399  1715.64990  322.17004
3909.8701  1720.43091  314.17148
3973.1101  1724.84265  306.33823
4037.3799  1728.91565  298.66397
4102.6802  1732.66418  291.15079
4169.0298  1736.11487  283.79752
4236.4600  1739.28809  276.60507
4304.9800  1742.20361  269.56485
4374.6201  1744.87634  262.67853
4445.3701  1747.31567  255.94505
4517.2700  1749.54895  249.36543
4590.3301  1751.58313  242.93315
4664.5801  1753.42737  236.64305
4740.0298  1755.09607  230.50191
4816.6899  1756.60046  224.50189
4894.6001  1757.95496  218.63918
4973.7700  1759.15857  212.91481
5054.2100  1760.23010  207.32498
5135.9600  1761.17053  201.86896
5219.0298  1761.99329  196.54610
5303.4399  1762.70093  191.34613
5389.2202  1763.30408  186.27515
5476.3901  1763.80640  181.32735
5564.9702  1764.21472  176.50166
5654.9800  1764.53882  171.79370
5746.4399  1764.77869  167.20103
5839.3901  1764.94153  162.72226
5933.8301  1765.03027  158.35736
6029.8101  1765.05225  154.10056
6127.3301  1765.00635  149.95178
6226.4399  1764.90393  145.90836
6327.1499  1764.74780  141.96646
6429.4800  1764.53455  138.12444
6533.4800  1764.27161  134.38391
6639.1499  1763.96765  130.73843
6746.5400  1763.62109  127.18528
6855.6499  1763.23083  123.72337
6966.5400  1762.79993  120.35204
7079.2202  1762.33960  117.06889
7193.7202  1761.84253  113.86914
7310.0698  1761.31567  110.75584
7428.3101  1760.75806  107.72455
7548.4502  1760.17798  104.77254
7670.5400  1759.57080  101.89775
7794.6099  1758.94116  99.10019
7920.6802  1758.28760  96.37745
8048.7900  1757.61768  93.72474
8178.9800  1756.92810  91.13969
8311.2598  1756.21533  88.62944
8445.6904  1755.49243  86.18376
8582.2900  1754.74976  83.80128
8721.1104  1753.99072  81.48813
8862.1602  1753.22217  79.23782
9005.5000  1752.44336  77.04456
9151.1602  1751.64832  74.90799
9299.1699  1750.84033  72.83121
9449.5801  1750.02197  70.81313
9602.4199  1749.19092  68.84869
9757.7305  1748.35352  66.93717
9915.5498  1747.50598  65.07825
10075.9004  1746.64551  63.26952
10238.9004  1745.77820  61.51030
10404.5000  1744.89795  59.79888
10572.7998  1744.00830  58.13424
10743.7998  1743.11169  56.51535
10917.5996  1742.20166  54.94084
11094.2002  1741.28186  53.40935
11273.5996  1740.34924  51.92019
11455.9004  1739.40649  50.47166
11641.2002  1738.45007  49.06307
11829.5000  1737.47729  47.69338
12020.7998  1736.49438  46.36126
12215.2998  1735.49158  45.06599
12412.7998  1734.47534  43.80623
12613.5996  1733.43933  42.58162
12817.5996  1732.37952  41.39046
13025.0000  1731.29919  40.23241
13235.5996  1730.19250  39.10644
13449.7002  1729.05847  38.01152
13667.2002  1727.89392  36.94698
13888.2998  1726.69263  35.91213
14112.9004  1725.45374  34.90561
14341.2002  1724.17090  33.92710
14573.0996  1722.83765  32.97572
14808.9004  1721.44653  32.05072
15048.4004  1719.99158  31.15135
15291.7998  1718.46460  30.27696
15539.0996  1716.85327  29.42686
15790.4004  1715.13977  28.60026
16045.7998  1713.31482  27.79667
16305.4004  1711.35376  27.01532
16569.0996  1709.22986  26.25570
16837.0996  1706.91516  25.51710
17109.4004  1704.35986  24.79904
17386.0996  1701.50818  24.10090
17667.4004  1698.27966  23.42211
17953.0996  1694.56226  22.76215
18243.5000  1690.18115  22.12047
18538.5996  1684.86230  21.49663
18838.4004  1678.12512  20.89006
19143.0996  1669.02954  20.30030
19452.6992  1655.27185  19.72684
19767.4004  1628.01636  19.16928
19999.4004  1364.88745  18.77371
19999.5996  1364.89429  126.35471
20087.0996  1598.13989  125.48940
20412.0000  1653.58325  122.35919
20742.0996  1675.30176  119.29024
21077.5996  1689.23108  116.28149
21418.5000  1699.50867  113.33332
21765.0000  1707.63477  110.44503
22117.0000  1714.32202  107.61661
22474.6992  1719.97290  104.84772
22838.1992  1724.83508  102.13737
23207.5996  1729.07837  99.48552
23583.0000  1732.81909  96.89116
23964.4004  1736.14441  94.35395
24352.0000  1739.11267  91.87322
24745.9004  1741.77917  89.44862
25146.1992  1744.18359  87.07845
25552.9004  1746.35352  84.76303
25966.1992  1748.32300  82.50103
26386.0996  1750.11218  80.29141
26812.9004  1751.73804  78.13417
27246.5996  1753.21851  76.02763
27687.3008  1754.56213  73.97176
28135.0996  1755.79102  71.96520
28590.1992  1756.90710  70.00730
29052.5996  1757.92493  68.09702
29522.5000  1758.85120  66.23367
30000.0000  1759.68909  64.41624
