MoSi4
41.66
4
E     f1    f2
10.0000   8.8E+0268  0.51241
10.1617  -1998.73511  0.52144
10.3261  -1998.71788  0.53063
10.4931  -1998.70038  0.53998
10.6628  -1998.68260  0.54950
10.8353  -1998.66452  0.55919
11.0106  -1998.64615  0.56904
11.1886  -1998.62750  0.57907
11.3696  -1998.60853  0.58980
11.5535  -1998.58926  0.61045
11.7404  -1998.56967  0.63188
11.9303  -1998.54977  0.65411
12.1232  -1998.52955  0.67717
12.3193  -1998.50900  0.70110
12.5186  -1998.48812  0.72593
12.7210  -1998.46691  0.75170
12.9268  -1998.44534  0.77844
13.1359  -1998.42343  0.80573
13.3483  -1998.40117  0.83301
13.5642  -1998.37855  0.86125
13.7836  -1998.35555  0.89051
14.0066  -1998.33218  0.92081
14.2331  -1998.30845  0.95220
14.4633  -1998.28433  0.98471
14.6973  -1998.25980  1.01838
14.9350  -1998.23489  1.05327
15.1765  -1998.20959  1.08828
15.4220  -1998.18386  1.12376
15.6714  -1998.15772  1.16044
15.9249  -1998.13116  1.19836
16.1825  -1998.10416  1.23758
16.4442  -1998.07674  1.27813
16.7102  -1998.04886  1.32006
16.9805  -1998.02054  1.36287
17.2551  -1997.99176  1.39289
17.5342  -1997.96251  1.42359
17.8178  -1997.93279  1.45497
18.1060  -1997.90259  1.48705
18.3989  -1997.87190  1.51984
18.6964  -1997.84072  1.55336
18.9988  -1997.80903  1.58763
19.3061  -1997.77683  1.61544
19.6184  -1997.74410  1.62489
19.9357  -1997.71085  1.63441
20.2582  -1997.67705  1.64402
20.5858  -1997.64272  1.65371
20.9188  -1997.60782  1.66348
21.2571  -1997.57237  1.67333
21.6009  -1997.53634  1.67168
21.9503  -1997.49973  1.66367
22.3053  -1997.46253  1.65582
22.6661  -1997.42472  1.64811
23.0327  -1997.38630  1.64056
23.4053  -1997.34725  1.63315
23.7838  -1997.30759  1.62125
24.1685  -1997.26727  1.59068
24.5594  -1997.22631  1.56103
24.9566  -1997.18468  1.53229
25.3603  -1997.14238  1.50443
25.7705  -1997.09939  1.47396
26.1873  -1997.05571  1.40303
26.6109  -1997.01132  1.33682
27.0413  -1996.96622  1.27505
27.4786  -1996.92039  1.21745
27.9231  -1996.87381  1.16367
28.3747  -1996.82649  1.11356
28.8337  -1996.77839  1.06691
29.3000  4.49870  1.02354
29.7739  4.39397  1.00390
30.2555  4.31024  1.00464
30.7449  4.23191  1.00538
31.2421  4.15078  1.00613
31.7475  4.05748  1.01306
32.2609  3.96854  1.04570
32.7827  3.88750  1.07960
33.3130  3.80632  1.11480
33.8518  3.71435  1.15205
34.3993  3.62164  1.22323
34.9557  3.53978  1.29994
35.5211  3.46012  1.38266
36.0956  3.38202  1.48674
36.6794  3.31704  1.60432
37.2727  3.26284  1.73320
37.8755  3.22001  1.87448
38.4882  3.19049  2.02998
39.1107  3.17976  2.20142
39.7432  3.19481  2.38871
40.3861  3.24883  2.59297
41.0393  3.38361  2.78200
41.7031  3.50963  2.88710
42.3776  3.62200  2.99667
43.0630  3.74047  3.11085
43.7595  3.88750  3.22987
44.4673  4.09049  3.30242
45.1865  4.25764  3.33341
45.9174  4.41918  3.36471
46.6600  4.61014  3.37235
47.4147  4.77234  3.33072
48.1816  4.91728  3.28970
48.9609  5.06814  3.24925
49.7528  5.20766  3.15376
50.5576  5.31075  3.05633
51.3753  5.39405  2.96236
52.2062  5.46323  2.87171
53.0506  5.52237  2.78492
53.9087  5.57572  2.70287
54.7806  5.63078  2.62381
55.6667  5.68686  2.52220
56.5670  5.71693  2.41542
57.4820  5.73028  2.31427
58.4117  5.73263  2.21848
59.3564  5.72447  2.12776
60.3165  5.70996  2.04718
61.2921  5.69217  1.97199
62.2834  5.67124  1.90134
63.2908  5.64790  1.83501
64.3145  5.62372  1.77279
65.3547  5.60387  1.71400
66.4118  5.58678  1.64069
67.4859  5.55158  1.56239
68.5775  5.50703  1.48970
69.6867  5.45800  1.42222
70.8138  5.40672  1.35258
71.9591  5.34431  1.28005
73.1230  5.27236  1.21199
74.3057  5.19539  1.14811
75.5076  5.11452  1.08119
76.7289  5.01888  1.01300
77.9699  4.90768  0.94916
79.2310  4.78416  0.88965
80.5125  4.64955  0.84841
81.8147  4.51211  0.80978
83.1380  4.36626  0.77401
84.4827  4.20508  0.74099
85.8491  4.03250  0.71845
87.2377  3.85090  0.69787
88.6487  3.65161  0.67913
90.0825  3.42914  0.66210
91.5395  3.17338  0.64839
93.0201  2.88024  0.64613
94.5246  2.53283  0.64457
96.0535  2.08797  0.64370
97.6071  1.43574  0.64349
99.1858  -0.02650  0.64438
100.7900  0.80359  3.72718
102.4200  1.64186  3.39902
104.0770  1.46803  3.15878
105.7600  1.21760  3.46778
107.4710  1.14506  3.89320
109.2090  1.11199  4.20782
110.9750  1.09337  4.57805
112.7700  1.11315  4.95490
114.5940  1.04987  5.32393
116.4480  1.11126  5.95899
118.3310  1.48025  6.51559
120.2450  1.91430  6.81265
122.1900  2.25168  7.08470
124.1660  2.59190  7.24580
126.1750  2.85369  7.40210
128.2150  3.08685  7.60587
130.2890  3.37736  7.87723
132.3970  3.90181  8.09794
134.5380  4.50154  7.98516
136.7140  4.67550  7.63516
138.9250  4.66688  7.58683
141.1720  4.67892  7.68456
143.4560  4.77959  7.74262
145.7760  4.88974  7.96510
148.1340  5.12607  8.11532
150.5300  5.27102  8.17836
152.9640  5.55297  8.44001
155.4390  5.79355  8.11429
157.9530  5.71214  8.30445
160.5070  5.82527  8.56860
163.1030  6.15926  8.89895
165.7420  6.55896  9.06245
168.4220  7.10912  9.19032
171.1460  7.72748  9.09017
173.9150  8.14701  8.64177
176.7270  8.22848  8.22080
179.5860  8.16584  8.02782
182.4910  8.19589  8.02091
185.4420  8.30455  7.96503
188.4420  8.40778  7.90922
191.4890  8.51037  7.84381
194.5870  8.60615  7.77728
197.7340  8.69299  7.71141
200.9320  8.76988  7.64621
204.1820  8.83154  7.58903
207.4850  8.89299  7.54551
210.8400  8.95157  7.50567
214.2510  9.00683  7.46970
217.7160  9.06179  7.43968
221.2370  9.11951  7.41036
224.8160  9.14889  7.35160
228.4520  9.14666  7.32164
232.1470  9.17052  7.33837
235.9020  9.16673  7.32172
239.7170  9.10502  7.31914
243.5950  9.05338  7.46964
247.5350  9.09244  7.63534
251.5380  9.17696  7.78208
255.6070  9.28450  7.91792
259.7410  9.42516  8.05150
263.9420  9.62418  8.16913
268.2110  9.80805  8.21716
272.5490  9.97957  8.25451
276.9570  10.15421  8.28351
281.4370  10.31482  8.29890
285.9890  10.47427  8.32069
290.6150  10.64674  8.32497
295.3150  10.79863  8.30735
300.0920  10.92919  8.28909
304.9450  11.04382  8.30034
309.8780  11.19950  8.32736
314.8900  11.35103  8.30892
319.9830  11.48857  8.29329
325.1580  11.61823  8.28050
330.4180  11.73920  8.27056
335.7620  11.86791  8.28595
341.1920  12.02093  8.29144
346.7110  12.16624  8.27687
352.3190  12.30602  8.26468
358.0170  12.44694  8.25486
363.8080  12.59194  8.24737
369.6920  12.74522  8.22904
375.6720  12.89074  8.20656
381.7480  13.03642  8.18721
387.9220  13.19070  8.17098
394.1970  13.34906  8.13881
400.5730  13.50440  8.10491
407.0520  13.67428  8.07338
413.6350  13.83922  8.00834
420.3260  13.98884  7.94320
427.1240  14.13286  7.87980
434.0320  14.28114  7.81810
441.0520  14.42978  7.74159
448.1860  14.56498  7.65759
455.4350  14.69266  7.57518
462.8020  14.81514  7.49403
470.2870  14.93286  7.40940
477.8940  15.03896  7.32652
485.6230  15.14414  7.25790
493.4780  15.25490  7.19226
501.4590  15.36984  7.12820
509.5700  15.50214  7.06545
517.8120  15.63092  6.97522
526.1870  15.74920  6.88665
534.6980  15.86592  6.79971
543.3460  15.99272  6.71435
552.1340  16.12996  6.60649
561.0650  16.24370  6.47495
570.1390  16.34038  6.34611
579.3610  16.42860  6.21989
588.7320  16.51010  6.09313
598.2540  16.58150  5.96405
607.9300  16.64342  5.83779
617.7630  16.69742  5.71428
627.7550  16.74428  5.59347
637.9080  16.77448  5.47742
648.2260  16.80576  5.38100
658.7110  16.84244  5.28648
669.3650  16.87890  5.19382
680.1910  16.91440  5.10298
691.1930  16.94832  5.01392
702.3720  16.98046  4.92880
713.7330  17.01332  4.84719
725.2770  17.04712  4.76704
737.0080  17.08140  4.68834
748.9280  17.11628  4.61105
761.0420  17.15226  4.53512
773.3510  17.19272  4.46058
785.8590  17.23714  4.38010
798.5700  17.27842  4.29365
811.4860  17.31832  4.20566
824.6110  17.35424  4.10884
837.9490  17.38122  4.00962
851.5020  17.39972  3.91280
865.2740  17.41296  3.81831
879.2690  17.41644  3.72614
893.4910  17.41844  3.64757
907.9430  17.42752  3.57374
922.6280  17.44812  3.49956
937.5510  17.44794  3.39954
952.7150  17.44100  3.31878
968.1240  17.42690  3.24002
983.7830  17.41452  3.18048
999.6950  17.41710  3.12321
1015.8600  17.42058  3.05410
1032.2900  17.41822  2.98428
1048.9900  17.41304  2.91538
1065.9600  17.40472  2.84734
1083.2000  17.39330  2.78095
1100.7200  17.37848  2.71757
1118.5200  17.36356  2.65742
1136.6100  17.34820  2.59855
1155.0000  17.33174  2.54101
1173.6800  17.31396  2.48478
1192.6600  17.29502  2.42977
1211.9500  17.27464  2.37595
1231.5500  17.25304  2.32329
1251.4700  17.23004  2.27143
1271.7200  17.20544  2.22029
1292.2900  17.17856  2.16978
1313.1900  17.14944  2.12031
1334.4300  17.11794  2.07196
1356.0100  17.08406  2.02471
1377.9400  17.04752  1.97854
1400.2300  17.00826  1.93339
1422.8800  16.96584  1.88922
1445.8900  16.91996  1.84606
1469.2800  16.87048  1.80375
1493.0400  16.81688  1.76220
1517.1900  16.75778  1.72018
1541.7300  16.69188  1.67895
1566.6700  16.61804  1.63868
1592.0100  16.53498  1.59940
1617.7600  16.44080  1.56105
1643.9200  16.33232  1.52360
1670.5100  16.20530  1.48710
1697.5300  16.05288  1.45149
1724.9900  15.86350  1.41673
1752.8900  15.61484  1.38207
1781.2400  15.25594  1.34804
1810.0500  14.62295  1.31468
1839.3200  10.61106  4.31386
1869.0700  14.78447  4.21750
1899.3000  15.47974  4.12332
1930.0200  15.88824  4.03120
1961.2400  16.17428  3.94110
1992.9600  16.38982  3.85300
2025.2000  16.56186  3.76901
2057.9500  16.70024  3.68242
2091.2400  16.81018  3.59714
2125.0600  16.89730  3.51322
2159.4300  16.96418  3.43064
2194.3600  17.01222  3.34945
2229.8500  17.04184  3.26970
2265.9200  17.05220  3.19133
2302.5700  17.04136  3.11447
2339.8100  17.00494  3.03892
2377.6600  16.93486  2.96473
2416.1100  16.81474  2.89206
2455.1900  16.60354  2.82074
2494.9000  16.13606  2.75087
2520.1000  13.30050  2.70807
2520.3000  13.30107  4.32795
2535.2600  15.87726  4.28904
2576.2600  16.48216  4.18567
2617.9300  16.35676  4.08444
2625.0000  15.33404  4.06777
2625.2000  15.33548  4.85475
2660.2700  17.00220  4.75976
2703.3000  17.38108  4.64743
2747.0300  17.62628  4.53746
2791.4600  17.79624  4.42983
2836.6100  17.87894  4.32472
2865.4000  17.35387  4.25988
2865.6000  17.35464  4.60962
2882.4900  17.98570  4.56934
2929.1100  18.27632  4.46156
2976.4800  18.46476  4.35557
3024.6300  18.61778  4.25151
3073.5500  18.74906  4.14907
3123.2600  18.86454  4.04854
3173.7800  18.96762  3.94989
3225.1100  19.06044  3.85310
3277.2700  19.14450  3.75815
3330.2800  19.22100  3.66486
3384.1500  19.29064  3.57351
3438.8800  19.35432  3.48399
3494.5000  19.41264  3.39631
3551.0200  19.46604  3.31048
3608.4600  19.51500  3.22636
3666.8200  19.55996  3.14406
3726.1300  19.60110  3.06347
3786.4000  19.63888  2.98475
3847.6400  19.67340  2.90757
3909.8700  19.70494  2.83219
3973.1100  19.73382  2.75850
4037.3800  19.76014  2.68645
4102.6800  19.78406  2.61602
4169.0300  19.80574  2.54723
4236.4600  19.82538  2.48005
4304.9800  19.84318  2.41441
4374.6200  19.85906  2.35030
4445.3700  19.87332  2.28772
4517.2700  19.88596  2.22665
4590.3300  19.89718  2.16703
4664.5800  19.90696  2.10884
4740.0300  19.91546  2.05208
4816.6900  19.92282  1.99672
4894.6000  19.92898  1.94270
4973.7700  19.93408  1.89002
5054.2100  19.93824  1.83866
5135.9600  19.94146  1.78856
5219.0300  19.94382  1.73974
5303.4400  19.94534  1.69215
5389.2200  19.94616  1.64577
5476.3900  19.94622  1.60057
5564.9700  19.94564  1.55654
5654.9800  19.94448  1.51363
5746.4400  19.94274  1.47182
5839.3900  19.94046  1.43110
5933.8300  19.93774  1.39146
6029.8100  19.93454  1.35282
6127.3300  19.93086  1.31522
6226.4400  19.92684  1.27860
6327.1500  19.92250  1.24295
6429.4800  19.91774  1.20820
6533.4800  19.91276  1.17445
6639.1500  19.90746  1.14156
6746.5400  19.90198  1.10954
6855.6500  19.89624  1.07838
6966.5400  19.89026  1.04806
7079.2200  19.88418  1.01856
7193.7200  19.87788  0.98984
7310.0700  19.87148  0.96191
7428.3100  19.86490  0.93474
7548.4500  19.85834  0.90831
7670.5400  19.85162  0.88260
7794.6100  19.84492  0.85760
7920.6800  19.83824  0.83328
8048.7900  19.83154  0.80962
8178.9800  19.82488  0.78659
8311.2600  19.81824  0.76422
8445.6900  19.81178  0.74247
8582.2900  19.80552  0.72129
8721.1100  19.79948  0.70073
8862.1600  19.79386  0.68075
9005.5000  19.78882  0.66130
9151.1600  19.78464  0.64238
9299.1700  19.78182  0.62399
9449.5800  19.78158  0.60614
9602.4200  19.78774  0.58877
9757.7300  19.82170  0.57189
9915.5500  19.78264  0.55548
10075.9000  19.73182  0.53954
10238.9000  19.71544  0.52404
10404.5000  19.69834  0.50897
10572.8000  19.68302  0.49433
10743.8000  19.66902  0.48010
10917.6000  19.65590  0.46628
11094.2000  19.64352  0.45284
11273.6000  19.63170  0.43978
11455.9000  19.62030  0.42709
11641.2000  19.60930  0.41477
11829.5000  19.59852  0.40279
12020.8000  19.58808  0.39115
12215.3000  19.57768  0.37984
12412.8000  19.56752  0.36885
12613.6000  19.55748  0.35817
12817.6000  19.54754  0.34780
13025.0000  19.53764  0.33772
13235.6000  19.52774  0.32793
13449.7000  19.51784  0.31841
13667.2000  19.50792  0.30917
13888.3000  19.49786  0.30020
14112.9000  19.48774  0.29147
14341.2000  19.47752  0.28300
14573.1000  19.46708  0.27477
14808.9000  19.45638  0.26677
15048.4000  19.44546  0.25901
15291.8000  19.43412  0.25146
15539.1000  19.42244  0.24413
15790.4000  19.41024  0.23701
16045.8000  19.39746  0.23009
16305.4000  19.38388  0.22337
16569.1000  19.36950  0.21685
16837.1000  19.35400  0.21051
17109.4000  19.33724  0.20435
17386.1000  19.31874  0.19837
17667.4000  19.29802  0.19256
17953.1000  19.27458  0.18691
18243.5000  19.24724  0.18143
18538.6000  19.21446  0.17610
18838.4000  19.17334  0.17093
19143.1000  19.11842  0.16590
19452.7000  19.03616  0.16102
19767.4000  18.87450  0.15628
19999.4000  17.32571  0.15292
19999.6000  17.32575  0.78575
20087.1000  18.69742  0.78027
20412.0000  19.02230  0.76048
20742.1000  19.14888  0.74110
21077.6000  19.22964  0.72211
21418.5000  19.28892  0.70353
21765.0000  19.33562  0.68533
22117.0000  19.37394  0.66752
22474.7000  19.40616  0.65011
22838.2000  19.43374  0.63307
23207.6000  19.45768  0.61641
23583.0000  19.47874  0.60012
23964.4000  19.49744  0.58420
24352.0000  19.51396  0.56865
24745.9000  19.52878  0.55346
25146.2000  19.54214  0.53861
25552.9000  19.55412  0.52412
25966.2000  19.56492  0.50997
26386.1000  19.57466  0.49616
26812.9000  19.58352  0.48268
27246.6000  19.59152  0.46952
27687.3000  19.59872  0.45669
28135.1000  19.60532  0.44417
28590.2000  19.61126  0.43196
29052.6000  19.61662  0.42005
29522.5000  19.62176  0.40844
30000.0000  19.62582  0.39712
