MoSi2
50.70
6.24
E     f1    f2
10.0000  -3332.12638  0.76944
10.1617  -3332.11226  0.78312
10.3261  -3332.09790  0.79705
10.4931  -3332.08332  0.81122
10.6628  -3332.06850  0.82565
10.8353  -3332.05343  0.84033
11.0106  -3332.03812  0.85527
11.1886  -3332.02258  0.87048
11.3696  -3332.00677  0.88684
11.5535  -3331.99071  0.91970
11.7404  -3331.97439  0.95383
11.9303  -3331.95781  0.98927
12.1232  -3331.94096  1.02607
12.3193  -3331.92384  1.06430
12.5186  -3331.90643  1.10400
12.7210  -3331.88876  1.14523
12.9268  -3331.87078  1.18806
13.1359  -3331.85252  1.23178
13.3483  -3331.83398  1.27544
13.5642  -3331.81512  1.32069
13.7836  -3331.79596  1.36760
14.0066  -3331.77649  1.41622
14.2331  -3331.75671  1.46661
14.4633  -3331.73660  1.51885
14.6973  -3331.71617  1.57299
14.9350  -3331.69541  1.62912
15.1765  -3331.67432  1.68544
15.4220  -3331.65288  1.74249
15.6714  -3331.63110  1.80151
15.9249  -3331.60896  1.86257
16.1825  -3331.58647  1.92575
16.4442  -3331.56361  1.99112
16.7102  -3331.54039  2.05876
16.9805  -3331.51678  2.12782
17.2551  -3331.49280  2.17554
17.5342  -3331.46843  2.22434
17.8178  -3331.44366  2.27424
18.1060  -3331.41849  2.32526
18.3989  -3331.39291  2.37744
18.6964  -3331.36693  2.43080
18.9988  -3331.34052  2.48535
19.3061  -3331.31369  2.52911
19.6184  -3331.28642  2.54221
19.9357  -3331.25871  2.55540
20.2582  -3331.23054  2.56869
20.5858  -3331.20193  2.58206
20.9188  -3331.17285  2.59552
21.2571  -3331.14331  2.60908
21.6009  -3331.11329  2.60343
21.9503  -3331.08277  2.58713
22.3053  -3331.05177  2.57103
22.6661  -3331.02026  2.55514
23.0327  -3330.98825  2.53944
23.4053  -3330.95571  2.52395
23.7838  -3330.92266  2.50092
24.1685  -3330.88906  2.44671
24.5594  -3330.85492  2.39399
24.9566  -3330.82024  2.34272
25.3603  -3330.78498  2.29287
25.7705  -3330.74916  2.23863
26.1873  -3330.71276  2.11688
26.6109  -3330.67577  2.00294
27.0413  -3330.63818  1.89635
27.4786  -3330.59999  1.79666
27.9231  -3330.56118  1.70327
28.3747  -3330.52174  1.61593
28.8337  -3330.48165  1.53431
29.3000  4.93910  1.45806
29.7739  4.78253  1.42460
30.2555  4.66034  1.42510
30.7449  4.54661  1.42560
31.2421  4.42835  1.42610
31.7475  4.28956  1.43638
32.2609  4.15741  1.48818
32.7827  4.03736  1.54204
33.3130  3.91639  1.59805
33.8518  3.77692  1.65744
34.3993  3.63575  1.77335
34.9557  3.51226  1.89847
35.5211  3.39210  2.03356
36.0956  3.27420  2.20423
36.6794  3.17787  2.39737
37.2727  3.09922  2.60930
37.8755  3.03924  2.84188
38.4882  3.00111  3.09813
39.1107  2.99379  3.38091
39.7432  3.02864  3.69083
40.3861  3.12868  4.03019
41.0393  3.36433  4.34416
41.7031  3.58561  4.51827
42.3776  3.78440  4.69981
43.0630  3.99362  4.88903
43.7595  4.25070  5.08631
44.4673  4.60131  5.20613
45.1865  4.89244  5.25669
45.9174  5.17441  5.30775
46.6600  5.50569  5.31979
47.4147  5.78961  5.24988
48.1816  6.04548  5.18100
48.9609  6.31180  5.11306
49.7528  6.55985  4.95338
50.5576  6.74787  4.79047
51.3753  6.90366  4.63333
52.2062  7.03726  4.48173
53.0506  7.15523  4.33600
53.9087  7.26393  4.19683
54.7806  7.37567  4.06261
55.6667  7.48969  3.89078
56.5670  7.56111  3.71033
57.4820  7.60562  3.53924
58.4117  7.63327  3.37706
59.3564  7.64613  3.22331
60.3165  7.64887  3.08201
61.2921  7.64501  2.94899
62.2834  7.63547  2.82336
63.2908  7.62169  2.70473
64.3145  7.60605  2.59277
65.3547  7.59526  2.48675
66.4118  7.59088  2.36184
67.4859  7.55877  2.22861
68.5775  7.51211  2.10469
69.6867  7.45757  1.98945
70.8138  7.39817  1.87645
71.9591  7.32726  1.76478
73.1230  7.24665  1.66036
74.3057  7.16049  1.56267
75.5076  7.07001  1.46548
76.7289  6.96639  1.37007
77.9699  6.84910  1.28092
79.2310  6.72100  1.19784
80.5125  6.58319  1.13227
81.8147  6.44256  1.07101
83.1380  6.29463  1.01449
84.4827  6.13388  0.96211
85.8491  5.96343  0.92013
87.2377  5.78517  0.88134
88.6487  5.59167  0.84554
90.0825  5.37795  0.81253
91.5395  5.13387  0.78404
93.0201  4.86022  0.77254
94.5246  4.54399  0.76200
96.0535  4.14794  0.75240
97.6071  3.57947  0.74371
99.1858  2.33521  0.73661
100.7900  3.00207  3.30003
102.4200  3.67652  3.02115
104.0770  3.50723  2.81567
105.7600  3.27195  3.06805
107.4710  3.18449  3.42303
109.2090  3.13283  3.68707
110.9750  3.09426  3.99747
112.7700  3.08649  4.31473
114.5940  3.01191  4.62779
116.4480  3.04300  5.16272
118.3310  3.33134  5.63243
120.2450  3.67465  5.88602
122.1900  3.93803  6.11897
124.1660  4.20437  6.25961
126.1750  4.40571  6.39626
128.2150  4.58343  6.57266
130.2890  4.80918  6.80556
132.3970  5.23004  6.99647
134.5380  5.71377  6.90965
136.7140  5.84270  6.62537
138.9250  5.81925  6.59269
141.1720  5.81313  6.68284
143.4560  5.88133  6.74030
145.7760  5.95783  6.93508
148.1340  6.13981  7.06994
150.5300  6.24603  7.13246
152.9640  6.46707  7.36081
155.4390  6.65584  7.09925
157.9530  6.57528  7.26508
160.5070  6.65579  7.49273
163.1030  6.92065  7.77505
165.7420  7.23885  7.91722
168.4220  7.68145  8.02979
171.1460  8.18045  7.95181
173.9150  8.51211  7.58301
176.7270  8.56051  7.23714
179.5860  8.48748  7.08131
182.4910  8.49061  7.08048
185.4420  8.55741  7.03829
188.4420  8.61776  6.99621
191.4890  8.67630  6.94552
194.5870  8.72541  6.89239
197.7340  8.76313  6.83984
200.9320  8.78807  6.78784
204.1820  8.79398  6.74255
207.4850  8.79415  6.71318
210.8400  8.78636  6.68962
214.2510  8.76983  6.67219
217.7160  8.74797  6.66438
221.2370  8.72005  6.65794
224.8160  8.64688  6.63484
228.4520  8.53296  6.65876
232.1470  8.47254  6.75953
235.9020  8.37021  6.80371
239.7170  8.17457  6.87037
243.5950  7.99771  7.19127
247.5350  7.97074  7.53654
251.5380  8.02214  7.85891
255.6070  8.11736  8.16559
259.7410  8.27533  8.46725
263.9420  8.53437  8.74107
268.2110  8.77141  8.89769
272.5490  8.99088  9.03529
276.9570  9.21801  9.15779
281.4370  9.42397  9.25645
285.9890  9.62985  9.36463
290.6150  9.85896  9.44249
295.3150  10.05339  9.48274
300.0920  10.21338  9.52366
304.9450  10.34977  9.61650
309.8780  10.55857  9.73435
314.8900  10.76299  9.77517
319.9830  10.94615  9.81944
325.1580  11.11792  9.86723
330.4180  11.27667  9.91859
335.7620  11.44964  10.01097
341.1920  11.66402  10.08572
346.7110  11.86627  10.12589
352.3190  12.05963  10.16891
358.0170  12.25363  10.21480
363.8080  12.45230  10.26349
369.6920  12.66030  10.30409
375.6720  12.86550  10.34212
381.7480  13.07630  10.38369
387.9220  13.30497  10.42883
394.1970  13.54323  10.44581
400.5730  13.77880  10.45834
407.0520  14.04053  10.47330
413.6350  14.29583  10.43092
420.3260  14.52713  10.38690
427.1240  14.75050  10.34435
434.0320  14.98210  10.30325
441.0520  15.21537  10.23609
448.1860  15.42717  10.15511
455.4350  15.62623  10.07549
462.8020  15.81690  9.99694
470.2870  16.00050  9.91553
477.8940  16.16767  9.83562
485.6230  16.33497  9.77807
493.4780  16.51297  9.72413
501.4590  16.69907  9.67150
509.5700  16.91510  9.61976
517.8120  17.12613  9.52095
526.1870  17.32047  9.42367
534.6980  17.51280  9.32791
543.3460  17.72260  9.23361
552.1340  17.95027  9.10066
561.0650  18.13917  8.92713
570.1390  18.29997  8.75699
579.3610  18.44553  8.59016
588.7320  18.58010  8.42337
598.2540  18.69957  8.25379
607.9300  18.80510  8.08771
617.7630  18.89863  7.92505
627.7550  18.98113  7.76574
637.9080  19.03673  7.61327
648.2260  19.09487  7.49243
658.7110  19.16267  7.37371
669.3650  19.23083  7.25708
680.1910  19.29820  7.14248
691.1930  19.36407  7.02988
702.3720  19.42817  6.92109
713.7330  19.49260  6.81571
725.2770  19.55767  6.71205
737.0080  19.62313  6.61008
748.9280  19.68940  6.50979
761.0420  19.75723  6.41109
773.3510  19.83240  6.31403
785.8590  19.91363  6.20643
798.5700  19.98803  6.08871
811.4860  20.06087  5.97052
824.6110  20.12893  5.83683
837.9490  20.18263  5.69841
851.5020  20.22253  5.56328
865.2740  20.25400  5.43134
879.2690  20.26940  5.30259
893.4910  20.28133  5.19583
907.9430  20.30507  5.09792
922.6280  20.34960  5.00031
937.5510  20.36090  4.85887
952.7150  20.36173  4.74875
968.1240  20.35143  4.64122
983.7830  20.34460  4.56500
999.6950  20.36330  4.49189
1015.8600  20.38410  4.39841
1032.2900  20.39583  4.30310
1048.9900  20.40347  4.20869
1065.9600  20.40660  4.11506
1083.2000  20.40570  4.02361
1100.7200  20.40087  3.93541
1118.5200  20.39500  3.85064
1136.6100  20.38793  3.76764
1155.0000  20.37917  3.68645
1173.6800  20.36860  3.60707
1192.6600  20.35643  3.52935
1211.9500  20.34247  3.45328
1231.5500  20.32707  3.37883
1251.4700  20.31007  3.30537
1271.7200  20.29120  3.23277
1292.2900  20.26947  3.16087
1313.1900  20.24500  3.09049
1334.4300  20.21783  3.02168
1356.0100  20.18803  2.95441
1377.9400  20.15540  2.88862
1400.2300  20.11990  2.82428
1422.8800  20.08120  2.76131
1445.8900  20.03913  2.69977
1469.2800  19.99367  2.63937
1493.0400  19.94440  2.57996
1517.1900  19.88970  2.51992
1541.7300  19.82833  2.46099
1566.6700  19.75940  2.40341
1592.0100  19.68197  2.34721
1617.7600  19.59447  2.29230
1643.9200  19.49420  2.23864
1670.5100  19.37763  2.18632
1697.5300  19.23907  2.13523
1724.9900  19.06897  2.08533
1752.8900  18.84847  2.03567
1781.2400  18.53490  1.98692
1810.0500  17.99171  1.93913
1839.3200  14.63140  4.41889
1869.0700  18.09077  4.31949
1899.3000  18.65017  4.22237
1930.0200  18.96893  4.12741
1961.2400  19.18380  4.03455
1992.9600  19.33777  3.94375
2025.2000  19.45337  3.85704
2057.9500  19.53827  3.76814
2091.2400  19.59617  3.68069
2125.0600  19.63130  3.59474
2159.4300  19.64510  3.51025
2194.3600  19.63777  3.42726
2229.8500  19.60833  3.34581
2265.9200  19.55427  3.26585
2302.5700  19.47120  3.18746
2339.8100  19.35117  3.11049
2377.6600  19.18010  3.03497
2416.1100  18.93003  2.96101
2455.1900  18.53223  2.88848
2494.9000  17.71103  2.81746
2520.1000  12.96083  2.77393
2520.3000  12.96159  5.47396
2535.2600  17.24083  5.42561
2576.2600  18.21313  5.29699
2617.9300  17.97100  5.17110
2625.0000  16.26139  5.15032
2625.2000  16.26363  6.46216
2660.2700  19.01627  6.33862
2703.3000  19.61953  6.19243
2747.0300  20.00213  6.04940
2791.4600  20.26147  5.90943
2836.6100  20.37710  5.77268
2865.4000  19.48914  5.68828
2865.6000  19.49033  6.27135
2882.4900  20.53457  6.21810
2929.1100  21.00013  6.07537
2976.4800  21.29693  5.93474
3024.6300  21.53603  5.79653
3073.5500  21.74023  5.66023
3123.2600  21.91930  5.52631
3173.7800  22.07883  5.39477
3225.1100  22.22233  5.26555
3277.2700  22.35230  5.13864
3330.2800  22.47053  5.01377
3384.1500  22.57827  4.89139
3438.8800  22.67687  4.77134
3494.5000  22.76727  4.65364
3551.0200  22.85027  4.53835
3608.4600  22.92653  4.42521
3666.8200  22.99673  4.31445
3726.1300  23.06117  4.20585
3786.4000  23.12053  4.09975
3847.6400  23.17507  3.99559
3909.8700  23.22510  3.89378
3973.1100  23.27110  3.79420
4037.3800  23.31330  3.69674
4102.6800  23.35190  3.60143
4169.0300  23.38717  3.50826
4236.4600  23.41937  3.41721
4304.9800  23.44877  3.32818
4374.6200  23.47537  3.24117
4445.3700  23.49947  3.15619
4517.2700  23.52120  3.07322
4590.3300  23.54077  2.99216
4664.5800  23.55820  2.91299
4740.0300  23.57370  2.83573
4816.6900  23.58743  2.76033
4894.6000  23.59943  2.68672
4973.7700  23.60980  2.61489
5054.2100  23.61873  2.54482
5135.9600  23.62623  2.47646
5219.0300  23.63243  2.40981
5303.4400  23.63737  2.34478
5389.2200  23.64120  2.28138
5476.3900  23.64390  2.21957
5564.9700  23.64560  2.15934
5654.9800  23.64640  2.10059
5746.4400  23.64630  2.04334
5839.3900  23.64537  1.98755
5933.8300  23.64370  1.93321
6029.8100  23.64130  1.88024
6127.3300  23.63817  1.82865
6226.4400  23.63447  1.77840
6327.1500  23.63023  1.72945
6429.4800  23.62537  1.68174
6533.4800  23.62007  1.63535
6639.1500  23.61430  1.59015
6746.5400  23.60817  1.54612
6855.6500  23.60160  1.50325
6966.5400  23.59463  1.46152
7079.2200  23.58743  1.42091
7193.7200  23.57987  1.38135
7310.0700  23.57207  1.34288
7428.3100  23.56397  1.30544
7548.4500  23.55577  1.26900
7670.5400  23.54730  1.23353
7794.6100  23.53873  1.19903
7920.6800  23.53007  1.16547
8048.7900  23.52130  1.13280
8178.9800  23.51247  1.10098
8311.2600  23.50353  1.07008
8445.6900  23.49470  1.04001
8582.2900  23.48593  1.01073
8721.1100  23.47727  0.98230
8862.1600  23.46890  0.95465
9005.5000  23.46097  0.92773
9151.1600  23.45367  0.90153
9299.1700  23.44743  0.87606
9449.5800  23.44330  0.85132
9602.4200  23.44443  0.82725
9757.7300  23.46870  0.80385
9915.5500  23.43207  0.78109
10075.9000  23.38557  0.75897
10238.9000  23.36773  0.73746
10404.5000  23.34923  0.71654
10572.8000  23.33217  0.69621
10743.8000  23.31617  0.67644
10917.6000  23.30083  0.65722
11094.2000  23.28607  0.63854
11273.6000  23.27170  0.62039
11455.9000  23.25763  0.60273
11641.2000  23.24383  0.58558
11829.5000  23.23013  0.56890
12020.8000  23.21667  0.55269
12215.3000  23.20313  0.53693
12412.8000  23.18973  0.52162
12613.6000  23.17633  0.50674
12817.6000  23.16290  0.49227
13025.0000  23.14940  0.47821
13235.6000  23.13577  0.46455
13449.7000  23.12200  0.45127
13667.2000  23.10807  0.43837
13888.3000  23.09383  0.42583
14112.9000  23.07937  0.41364
14341.2000  23.06460  0.40180
14573.1000  23.04940  0.39029
14808.9000  23.03370  0.37910
15048.4000  23.01750  0.36823
15291.8000  23.00060  0.35767
15539.1000  22.98300  0.34740
15790.4000  22.96447  0.33743
16045.8000  22.94490  0.32774
16305.4000  22.92400  0.31832
16569.1000  22.90163  0.30916
16837.1000  22.87740  0.30027
17109.4000  22.85093  0.29163
17386.1000  22.82157  0.28323
17667.4000  22.78850  0.27507
17953.1000  22.75077  0.26713
18243.5000  22.70653  0.25943
18538.6000  22.65317  0.25194
18838.4000  22.58590  0.24466
19143.1000  22.49557  0.23759
19452.7000  22.35960  0.23071
19767.4000  22.09130  0.22403
19999.4000  19.51081  0.21930
19999.6000  19.51088  1.27402
20087.1000  21.79730  1.26521
20412.0000  22.33983  1.23339
20742.1000  22.55180  1.20220
21077.6000  22.68740  1.17163
21418.5000  22.78720  1.14169
21765.0000  22.86597  1.11238
22117.0000  22.93070  1.08368
22474.7000  22.98527  1.05559
22838.2000  23.03210  1.02811
23207.6000  23.07287  1.00124
23583.0000  23.10877  0.97495
23964.4000  23.14067  0.94925
24352.0000  23.16900  0.92414
24745.9000  23.19443  0.89959
25146.2000  23.21737  0.87561
25552.9000  23.23800  0.85219
25966.2000  23.25667  0.82931
26386.1000  23.27357  0.80697
26812.9000  23.28893  0.78516
27246.6000  23.30287  0.76388
27687.3000  23.31547  0.74311
28135.1000  23.32700  0.72284
28590.2000  23.33743  0.70307
29052.6000  23.34690  0.68379
29522.5000  23.35573  0.66498
30000.0000  23.36323  0.64664
