NiO
37.34
6.8
E     f1    f2
10.0000  -9999.00000  1.04028
10.1617  -9999.00000  1.04393
10.3261  -9999.00000  1.04569
10.4931  -9999.00000  1.04746
10.6628  -9999.00000  1.04923
10.8353  -9999.00000  1.05101
11.0106  -9999.00000  1.05390
11.1886  -9999.00000  1.07459
11.3696  -9999.00000  1.09588
11.5535  -9999.00000  1.11780
11.7404  -9999.00000  1.14035
11.9303  -9999.00000  1.16429
12.1232  -9999.00000  1.18953
12.3193  -9999.00000  1.21565
12.5186  -9999.00000  1.24252
12.7210  -9999.00000  1.27018
12.9268  -9999.00000  1.29863
13.1359  -9999.00000  1.32761
13.3483  -9999.00000  1.35725
13.5642  -9999.00000  1.39037
13.7836  -9999.00000  1.42679
14.0066  -9999.00000  1.46421
14.2331  -9999.00000  1.50180
14.4633  -9999.00000  1.53522
14.6973  -9999.00000  1.57116
14.9350  -9999.00000  1.61512
15.1765  -9999.00000  1.66038
15.4220  -9999.00000  1.70697
15.6714  -9999.00000  1.77245
15.9249  -9999.00000  1.84897
16.1825  -9999.00000  1.93146
16.4442  -9999.00000  2.02052
16.7102  -9999.00000  2.11680
16.9805  -9999.00000  2.22103
17.2551  -9999.00000  2.33399
17.5342  -9999.00000  2.45183
17.8178  -9999.00000  2.58097
18.1060  -9999.00000  2.72930
18.3989  -9999.00000  2.89278
18.6964  -9999.00000  3.07313
18.9988  -9999.00000  3.22824
19.3061  -9999.00000  3.29711
19.6184  -9999.00000  3.37184
19.9357  -9999.00000  3.43935
20.2582  -9999.00000  3.47220
20.5858  -9999.00000  3.50551
20.9188  -9999.00000  3.53974
21.2571  -9999.00000  3.59236
21.6009  -9999.00000  3.64300
21.9503  -9999.00000  3.68760
22.3053  -9999.00000  3.75208
22.6661  -9999.00000  3.82284
23.0327  -9999.00000  3.89525
23.4053  -9999.00000  3.96935
23.7838  -9999.00000  4.04520
24.1685  -9999.00000  4.08850
24.5594  -9999.00000  4.11256
24.9566  -9999.00000  4.13674
25.3603  -9999.00000  4.16108
25.7705  -9999.00000  4.18557
26.1873  -9999.00000  4.19171
26.6109  -9999.00000  4.19133
27.0413  -9999.00000  4.19105
27.4786  -9999.00000  4.19089
27.9231  -9999.00000  4.18846
28.3747  -9999.00000  4.18162
28.8337  -9999.00000  4.17500
29.3000  2.68299  4.16860
29.7739  2.74704  4.16241
30.2555  2.80773  4.15643
30.7449  2.86650  4.15236
31.2421  2.92467  4.14880
31.7475  2.98176  4.14544
32.2609  3.03779  4.14225
32.7827  3.09291  4.13922
33.3130  3.14725  4.13637
33.8518  3.20088  4.13369
34.3993  3.25372  4.13119
34.9557  3.30671  4.13008
35.5211  3.36232  4.13068
36.0956  3.42402  4.13141
36.6794  3.49210  4.11245
37.2727  3.54453  4.08822
37.8755  3.58904  4.06414
38.4882  3.62544  4.04020
39.1107  3.65723  4.02635
39.7432  3.68957  4.01311
40.3861  3.72144  3.99994
41.0393  3.75102  3.98685
41.7031  3.77701  3.97382
42.3776  3.79764  3.96087
43.0630  3.81511  3.95618
43.7595  3.83478  3.95588
44.4673  3.85592  3.95573
45.1865  3.87700  3.95576
45.9174  3.89742  3.95595
46.6600  3.91705  3.95630
47.4147  3.93250  3.95681
48.1816  3.94609  3.96070
48.9609  3.96655  3.97003
49.7528  3.98553  3.96960
50.5576  3.99916  3.96990
51.3753  4.00924  3.97092
52.2062  4.01593  3.97269
53.0506  4.01940  3.97677
53.9087  4.02044  3.98218
54.7806  4.01857  3.98841
55.6667  4.01316  3.99545
56.5670  4.00392  4.00331
57.4820  3.99295  4.01141
58.4117  3.97181  4.01046
59.3564  3.93528  4.01005
60.3165  3.87767  4.01020
61.2921  3.77530  4.02492
62.2834  3.66667  4.08480
63.2908  3.54596  4.14811
64.3145  3.37655  4.21499
65.3547  3.13582  4.46078
66.4118  3.01188  4.84383
67.4859  3.02197  5.28826
68.5775  3.24735  5.80330
69.6867  3.59037  5.94625
70.8138  3.86033  6.07409
71.9591  4.10401  6.19676
73.1230  4.34288  6.23771
74.3057  4.52907  6.27971
75.5076  4.70460  6.32275
76.7289  4.88439  6.36685
77.9699  5.06072  6.38523
79.2310  5.22400  6.39505
80.5125  5.37733  6.40525
81.8147  5.52800  6.41584
83.1380  5.68573  6.42680
84.4827  5.84852  6.40480
85.8491  5.98656  6.37491
87.2377  6.11211  6.34526
88.6487  6.22846  6.31584
90.0825  6.33732  6.28666
91.5395  6.43603  6.25770
93.0201  6.52271  6.23493
94.5246  6.61229  6.22527
96.0535  6.70700  6.21581
97.6071  6.80301  6.20654
99.1858  6.90279  6.19497
100.7900  6.99859  6.17713
102.4200  7.09101  6.15975
104.0770  7.18148  6.14284
105.7600  7.27105  6.12637
107.4710  7.36152  6.11034
109.2090  7.45067  6.08876
110.9750  7.53704  6.06618
112.7700  7.61939  6.04402
114.5940  7.69998  6.02224
116.4480  7.77898  6.00086
118.3310  7.85703  5.97988
120.2450  7.93477  5.95927
122.1900  8.01288  5.93361
124.1660  8.08487  5.90668
126.1750  8.15287  5.88011
128.2150  8.21700  5.85389
130.2890  8.27681  5.82805
132.3970  8.32875  5.80254
134.5380  8.36099  5.77740
136.7140  8.39627  5.79142
138.9250  8.44900  5.80899
141.1720  8.51020  5.82705
143.4560  8.57760  5.84562
145.7760  8.65053  5.86466
148.1340  8.72889  5.88423
150.5300  8.81318  5.90426
152.9640  8.90452  5.92474
155.4390  9.00461  5.94577
157.9530  9.13346  5.96219
160.5070  9.26292  5.93334
163.1030  9.36460  5.90478
165.7420  9.46119  5.87650
168.4220  9.55424  5.84850
171.1460  9.64489  5.82076
173.9150  9.73387  5.79329
176.7270  9.82209  5.76609
179.5860  9.91063  5.73909
182.4910  10.00201  5.71003
185.4420  10.08963  5.67598
188.4420  10.17473  5.64258
191.4890  10.25900  5.60972
194.5870  10.34334  5.57743
197.7340  10.42863  5.54571
200.9320  10.51985  5.51451
204.1820  10.61959  5.48384
207.4850  10.71952  5.42544
210.8400  10.80599  5.36263
214.2510  10.88401  5.30072
217.7160  10.95662  5.23971
221.2370  11.02511  5.17955
224.8160  11.09012  5.12025
228.4520  11.15219  5.06179
232.1470  11.21158  5.00414
235.9020  11.26850  4.94731
239.7170  11.32205  4.89179
243.5950  11.37470  4.83892
247.5350  11.42705  4.78668
251.5380  11.47844  4.73508
255.6070  11.52898  4.68409
259.7410  11.57884  4.63371
263.9420  11.62825  4.58393
268.2110  11.67739  4.53474
272.5490  11.72682  4.48613
276.9570  11.77646  4.43803
281.4370  11.83351  4.39038
285.9890  11.89242  4.33802
290.6150  11.94787  4.26758
295.3150  11.99265  4.19832
300.0920  12.03181  4.13019
304.9450  12.06676  4.06319
309.8780  12.09830  3.99729
314.8900  12.12677  3.93248
319.9830  12.15250  3.86873
325.1580  12.17571  3.80603
330.4180  12.19662  3.74437
335.7620  12.21531  3.68373
341.1920  12.23194  3.62408
346.7110  12.24666  3.56541
352.3190  12.25954  3.50770
358.0170  12.27087  3.45095
363.8080  12.28095  3.39512
369.6920  12.29178  3.34021
375.6720  12.29997  3.28019
381.7480  12.30392  3.21942
387.9220  12.30306  3.15974
394.1970  12.29859  3.10108
400.5730  12.29064  3.04349
407.0520  12.27936  2.98697
413.6350  12.26471  2.93151
420.3260  12.24649  2.87709
427.1240  12.22461  2.82368
434.0320  12.19875  2.77127
441.0520  12.16869  2.71984
448.1860  12.13388  2.66937
455.4350  12.09387  2.61986
462.8020  12.04793  2.57127
470.2870  11.99504  2.52360
477.8940  11.93397  2.47681
485.6230  11.86306  2.43089
493.4780  11.78032  2.38583
501.4590  11.68220  2.33845
509.5700  11.55597  2.28301
517.8120  11.38103  2.22888
526.1870  11.12603  2.17604
534.6980  10.67653  2.12446
543.3460  8.36052  4.16484
552.1340  10.78472  4.06728
561.0650  11.24268  3.97198
570.1390  11.50202  3.87913
579.3610  11.67444  3.78975
588.7320  11.79643  3.70279
598.2540  11.88358  3.61805
607.9300  11.94243  3.53522
617.7630  11.98186  3.46095
627.7550  12.00655  3.38984
637.9080  12.01996  3.31847
648.2260  12.01972  3.24610
658.7110  12.00369  3.17371
669.3650  11.97207  3.10297
680.1910  11.92495  3.03824
691.1930  11.86723  2.97820
702.3720  11.80039  2.92004
713.7330  11.72436  2.85987
725.2770  11.63188  2.78432
737.0080  11.50128  2.68955
748.9280  11.31341  2.59828
761.0420  11.09844  2.55079
773.3510  10.84316  2.49409
785.8590  10.52746  2.44026
798.5700  10.12536  2.38895
811.4860  9.58510  2.33903
824.6110  8.79309  2.29021
837.9490  7.39961  2.24248
851.5020  1.59420  2.19670
852.6000  -4.30769  2.19319
852.8000  -4.29982  9.70549
865.2740  7.44468  9.51024
879.2690  9.36259  9.29992
893.4910  10.47873  9.09425
907.9430  11.26683  8.89312
922.6280  11.86733  8.69647
937.5510  12.34597  8.50993
952.7150  12.72505  8.32161
968.1240  12.98201  8.13260
983.7830  13.13972  8.03807
999.6950  13.17252  8.14998
1015.8600  13.71490  8.49681
1032.2900  14.33531  8.31423
1048.9900  14.67249  8.12827
1065.9600  14.97238  7.94338
1083.2000  15.23606  7.76259
1100.7200  15.47112  7.58589
1118.5200  15.68327  7.41318
1136.6100  15.87626  7.24444
1155.0000  16.05289  7.07956
1173.6800  16.21533  6.91846
1192.6600  16.36538  6.76104
1211.9500  16.50456  6.60718
1231.5500  16.63433  6.45683
1251.4700  16.75575  6.30876
1271.7200  16.86888  6.16280
1292.2900  16.97339  6.01869
1313.1900  17.06990  5.87798
1334.4300  17.15960  5.74054
1356.0100  17.24310  5.60630
1377.9400  17.32103  5.47525
1400.2300  17.39395  5.34725
1422.8800  17.46238  5.22222
1445.8900  17.52688  5.10017
1469.2800  17.58872  4.98027
1493.0400  17.64719  4.86212
1517.1900  17.70198  4.74245
1541.7300  17.75056  4.62518
1566.6700  17.79466  4.51088
1592.0100  17.83513  4.39935
1617.7600  17.87215  4.29055
1643.9200  17.90617  4.18445
1670.5100  17.93746  4.08097
1697.5300  17.96631  3.98009
1724.9900  17.99353  3.88176
1752.8900  18.01886  3.78410
1781.2400  18.04135  3.68834
1810.0500  18.06089  3.59461
1839.3200  18.07819  3.50327
1869.0700  18.09348  3.41425
1899.3000  18.10686  3.32747
1930.0200  18.11864  3.24296
1961.2400  18.12873  3.16059
1992.9600  18.13748  3.08026
2025.2000  18.14535  3.00312
2057.9500  18.15251  2.92610
2091.2400  18.15836  2.85087
2125.0600  18.16252  2.77744
2159.4300  18.16560  2.70582
2194.3600  18.16751  2.63582
2229.8500  18.16851  2.56767
2265.9200  18.16861  2.50108
2302.5700  18.16774  2.43608
2339.8100  18.16601  2.37277
2377.6600  18.16348  2.31098
2416.1100  18.16036  2.25079
2455.1900  18.15648  2.19199
2494.9000  18.15196  2.13467
2535.2600  18.14694  2.07886
2576.2600  18.14128  2.02433
2617.9300  18.13508  1.97122
2660.2700  18.12844  1.91943
2703.3000  18.12130  1.86895
2747.0300  18.11378  1.81973
2791.4600  18.10588  1.77176
2836.6100  18.09754  1.72499
2882.4900  18.08891  1.67942
2929.1100  18.07996  1.63498
2976.4800  18.07066  1.59169
3024.6300  18.06114  1.54950
3073.5500  18.05133  1.50839
3123.2600  18.04129  1.46830
3173.7800  18.03103  1.42925
3225.1100  18.02053  1.39118
3277.2700  18.00980  1.35412
3330.2800  17.99895  1.31799
3384.1500  17.98790  1.28278
3438.8800  17.97670  1.24847
3494.5000  17.96531  1.21506
3551.0200  17.95383  1.18249
3608.4600  17.94219  1.15077
3666.8200  17.93041  1.11986
3726.1300  17.91850  1.08973
3786.4000  17.90646  1.06040
3847.6400  17.89430  1.03182
3909.8700  17.88206  1.00398
3973.1100  17.86968  0.97686
4037.3800  17.85717  0.95041
4102.6800  17.84453  0.92468
4169.0300  17.83176  0.89960
4236.4600  17.81891  0.87520
4304.9800  17.80592  0.85142
4374.6200  17.79282  0.82824
4445.3700  17.77959  0.80570
4517.2700  17.76623  0.78371
4590.3300  17.75269  0.76232
4664.5800  17.73898  0.74147
4740.0300  17.72510  0.72117
4816.6900  17.71108  0.70140
4894.6000  17.69684  0.68215
4973.7700  17.68237  0.66339
5054.2100  17.66762  0.64511
5135.9600  17.65265  0.62733
5219.0300  17.63740  0.61000
5303.4400  17.62182  0.59311
5389.2200  17.60592  0.57667
5476.3900  17.58959  0.56064
5564.9700  17.57283  0.54507
5654.9800  17.55559  0.52985
5746.4400  17.53783  0.51506
5839.3900  17.51943  0.50065
5933.8300  17.50041  0.48661
6029.8100  17.48061  0.47291
6127.3300  17.45993  0.45960
6226.4400  17.43832  0.44660
6327.1500  17.41553  0.43396
6429.4800  17.39151  0.42164
6533.4800  17.36601  0.40963
6639.1500  17.33878  0.39793
6746.5400  17.30957  0.38653
6855.6500  17.27798  0.37543
6966.5400  17.24351  0.36461
7079.2200  17.20566  0.35407
7193.7200  17.16347  0.34380
7310.0700  17.11600  0.33378
7428.3100  17.06165  0.32403
7548.4500  16.99822  0.31453
7670.5400  16.92215  0.30526
7794.6100  16.82766  0.29624
7920.6800  16.70402  0.28744
8048.7900  16.52766  0.27886
8178.9800  16.23036  0.27050
8311.2600  15.21762  0.26237
8332.7000  12.37606  0.26109
8332.9000  12.37631  1.93517
8445.6900  16.15045  1.89733
8582.2900  16.60050  1.85315
8721.1100  16.85656  1.80962
8862.1600  17.03733  1.76676
9005.5000  17.17717  1.72459
9151.1600  17.29092  1.68310
9299.1700  17.38643  1.64225
9449.5800  17.46837  1.60212
9602.4200  17.53976  1.56273
9757.7300  17.60267  1.52400
9915.5500  17.65858  1.48608
10075.9000  17.70867  1.44881
10238.9000  17.75381  1.41224
10404.5000  17.79456  1.37639
10572.8000  17.83153  1.34125
10743.8000  17.86516  1.30682
10917.6000  17.89580  1.27309
11094.2000  17.92380  1.24007
11273.6000  17.94936  1.20775
11455.9000  17.97273  1.17612
11641.2000  17.99417  1.14516
11829.5000  18.01376  1.11489
12020.8000  18.03171  1.08529
12215.3000  18.04812  1.05635
12412.8000  18.06314  1.02807
12613.6000  18.07687  1.00044
12817.6000  18.08941  0.97344
13025.0000  18.10086  0.94708
13235.6000  18.11122  0.92133
13449.7000  18.12068  0.89619
13667.2000  18.12926  0.87166
13888.3000  18.13699  0.84771
14112.9000  18.14393  0.82435
14341.2000  18.15023  0.80156
14573.1000  18.15578  0.77932
14808.9000  18.16074  0.75764
15048.4000  18.16511  0.73650
15291.8000  18.16899  0.71589
15539.1000  18.17232  0.69580
15790.4000  18.17516  0.67623
16045.8000  18.17761  0.65715
16305.4000  18.17961  0.63856
16569.1000  18.18122  0.62045
16837.1000  18.18249  0.60281
17109.4000  18.18341  0.58563
17386.1000  18.18404  0.56890
17667.4000  18.18437  0.55261
17953.1000  18.18446  0.53675
18243.5000  18.18426  0.52131
18538.6000  18.18386  0.50629
18838.4000  18.18321  0.49166
19143.1000  18.18237  0.47743
19452.7000  18.18139  0.46359
19767.4000  18.18016  0.45011
20087.1000  18.17883  0.43701
20412.0000  18.17731  0.42426
20742.1000  18.17570  0.41186
21077.6000  18.17394  0.39980
21418.5000  18.17208  0.38807
21765.0000  18.17008  0.37667
22117.0000  18.16803  0.36558
22474.7000  18.16584  0.35480
22838.2000  18.16365  0.34432
23207.6000  18.16131  0.33414
23583.0000  18.15893  0.32424
23964.4000  18.15650  0.31462
24352.0000  18.15402  0.30526
24745.9000  18.15150  0.29618
25146.2000  18.14893  0.28735
25552.9000  18.14637  0.27877
25966.2000  18.14375  0.27044
26386.1000  18.14109  0.26234
26812.9000  18.13844  0.25447
27246.6000  18.13574  0.24683
27687.3000  18.13303  0.23941
28135.1000  18.13039  0.23221
28590.2000  18.12769  0.22521
29052.6000  18.12515  0.21841
29522.5000  18.12286  0.21181
30000.0000  18.11782  0.20540
