NiSi2
38.29
4.803
E     f1    f2
10.0000   1.7E+0174   1.7E+0174
10.1617  -3332.17926  0.54617
10.3261  -3332.16490  0.54869
10.4931  -3332.15032  0.55123
10.6628  -3332.13550  0.55379
10.8353  -3332.12044  0.55639
11.0106  -3332.10513  0.55975
11.1886  -3332.08958  0.57499
11.3696  -3332.07378  0.59067
11.5535  -3332.05772  0.60679
11.7404  -3332.04140  0.62335
11.9303  -3332.02481  0.64039
12.1232  -3332.00797  0.65810
12.3193  -3331.99084  0.67642
12.5186  -3331.97344  0.69526
12.7210  -3331.95576  0.71465
12.9268  -3331.93779  0.73460
13.1359  -3331.91953  0.75493
13.3483  -3331.90098  0.77572
13.5642  -3331.88213  0.79711
13.7836  -3331.86297  0.81911
14.0066  -3331.84349  0.84172
14.2331  -3331.82371  0.86441
14.4633  -3331.80361  0.88429
14.6973  -3331.78318  0.90463
14.9350  -3331.76242  0.92545
15.1765  -3331.74133  0.94675
15.4220  -3331.71989  0.96854
15.6714  -3331.69811  0.98970
15.9249  -3331.67597  1.00839
16.1825  -3331.65348  1.02743
16.4442  -3331.63062  1.04683
16.7102  -3331.60739  1.06660
16.9805  -3331.58379  1.08675
17.2551  -3331.55981  1.10727
17.5342  -3331.53543  1.12502
17.8178  -3331.51067  1.14109
18.1060  -3331.48550  1.15740
18.3989  -3331.45992  1.17395
18.6964  -3331.43394  1.19072
18.9988  -3331.40753  1.20774
19.3061  -3331.38070  1.20155
19.6184  -3331.35343  1.19660
19.9357  -3331.32572  1.20194
20.2582  -3331.29755  1.20734
20.5858  -3331.26895  1.21278
20.9188  -3331.23986  1.21859
21.2571  -3331.21032  1.23640
21.6009  -3331.18030  1.25446
21.9503  -3331.14979  1.27279
22.3053  -3331.11878  1.30428
22.6661  -3331.08728  1.33983
23.0327  -3331.05526  1.37639
23.4053  -3331.02272  1.41397
23.7838  -3330.98967  1.45260
24.1685  -3330.95608  1.47309
24.5594  -3330.92194  1.48546
24.9566  -3330.88725  1.49795
25.3603  -3330.85200  1.51056
25.7705  -3330.81618  1.52329
26.1873  -3330.77978  1.52381
26.6109  -3330.74279  1.52000
27.0413  -3330.70520  1.51629
27.4786  -3330.66701  1.51268
27.9231  -3330.62819  1.50758
28.3747  -3330.58876  1.49957
28.8337  -3330.54867  1.49173
29.3000  3.91703  1.48406
29.7739  3.91368  1.47329
30.2555  3.90860  1.46263
30.7449  3.90257  1.45321
31.2421  3.89577  1.44410
31.7475  3.88813  1.43562
32.2609  3.88000  1.42854
32.7827  3.87179  1.42156
33.3130  3.86303  1.41470
33.8518  3.85346  1.40793
34.3993  3.84267  1.40128
34.9557  3.83083  1.39555
35.5211  3.81845  1.39095
36.0956  3.80572  1.38642
36.6794  3.79213  1.38198
37.2727  3.77735  1.37760
37.8755  3.76085  1.37331
38.4882  3.74127  1.36909
39.1107  3.72057  1.37158
39.7432  3.70215  1.37373
40.3861  3.68407  1.37470
41.0393  3.66417  1.37567
41.7031  3.64225  1.37665
42.3776  3.61698  1.37762
43.0630  3.58973  1.38407
43.7595  3.56398  1.39340
44.4673  3.53913  1.40280
45.1865  3.51403  1.41226
45.9174  3.48824  1.42179
46.6600  3.46132  1.43100
47.4147  3.43039  1.44008
48.1816  3.39592  1.45137
48.9609  3.36179  1.46932
49.7528  3.32902  1.48753
50.5576  3.29593  1.50602
51.3753  3.26172  1.52478
52.2062  3.22531  1.54382
53.0506  3.18680  1.56473
53.9087  3.14726  1.58768
54.7806  3.10647  1.61099
55.6667  3.06351  1.63466
56.5670  3.01794  1.65870
57.4820  2.97092  1.68271
58.4117  2.91622  1.70052
59.3564  2.84911  1.71852
60.3165  2.76799  1.74114
61.2921  2.65864  1.77400
62.2834  2.54603  1.83696
63.2908  2.42602  1.90221
64.3145  2.27441  1.96984
65.3547  2.07802  2.15635
66.4118  1.95803  2.42887
67.4859  1.92534  2.74216
68.5775  2.03550  3.10236
69.6867  2.22493  3.21436
70.8138  2.36713  3.30995
71.9591  2.48483  3.39570
73.1230  2.59328  3.42705
74.3057  2.66398  3.45915
75.5076  2.72557  3.48622
76.7289  2.77874  3.50997
77.9699  2.81746  3.51740
79.2310  2.83793  3.52013
80.5125  2.84314  3.53591
81.8147  2.84482  3.55185
83.1380  2.84458  3.56792
84.4827  2.83509  3.56232
85.8491  2.79988  3.55839
87.2377  2.74919  3.55454
88.6487  2.67811  3.55080
90.0825  2.58363  3.54715
91.5395  2.45720  3.54453
93.0201  2.28988  3.54799
94.5246  2.07638  3.56027
96.0535  1.78327  3.57276
97.6071  1.31692  3.58547
99.1858  0.17616  3.59840
100.7900  0.94461  6.17732
102.4200  1.71892  5.91365
104.0770  1.65009  5.72309
105.7600  1.51982  5.99010
107.4710  1.53951  6.34854
109.2090  1.58888  6.60926
110.9750  1.64787  6.91537
112.7700  1.73784  7.22567
114.5940  1.75541  7.52711
116.4480  1.87441  8.05009
118.3310  2.24852  8.50750
120.2450  2.67621  8.74846
122.1900  3.02324  8.96480
124.1660  3.36826  9.08741
126.1750  3.64516  9.20602
128.2150  3.89565  9.36401
130.2890  4.19107  9.57815
132.3970  4.67633  9.74990
134.5380  5.21158  9.64354
136.7140  5.39408  9.36445
138.9250  5.43613  9.33872
141.1720  5.50092  9.43373
143.4560  5.64328  9.49548
145.7760  5.79685  9.69410
148.1340  6.05892  9.83237
150.5300  6.24845  9.89781
152.9640  6.55622  10.12857
155.4390  6.83319  9.87051
157.9530  6.86203  10.04160
160.5070  7.05444  10.24387
163.1030  7.41207  10.50183
165.7420  7.82243  10.62190
168.4220  8.35672  10.71220
171.1460  8.94656  10.61306
173.9150  9.37101  10.22437
176.7270  9.51442  9.85850
179.5860  9.53842  9.68256
182.4910  9.64038  9.66180
185.4420  9.80954  9.60079
188.4420  9.97621  9.53985
191.4890  10.14406  9.47154
194.5870  10.31074  9.40381
197.7340  10.47512  9.33667
200.9320  10.64013  9.27008
204.1820  10.80489  9.21019
207.4850  10.97554  9.13838
210.8400  11.14073  9.06363
214.2510  11.30379  8.98951
217.7160  11.46838  8.91600
221.2370  11.64118  8.84260
224.8160  11.80994  8.73708
228.4520  11.96510  8.63284
232.1470  12.10880  8.52987
235.9020  12.24700  8.42815
239.7170  12.38090  8.32768
243.5950  12.51184  8.22841
247.5350  12.64317  8.13036
251.5380  12.77117  8.02391
255.6070  12.89310  7.91526
259.7410  13.00704  7.80814
263.9420  13.11690  7.70255
268.2110  13.22337  7.59844
272.5490  13.32707  7.49580
276.9570  13.42850  7.39462
281.4370  13.53280  7.29486
285.9890  13.63664  7.19303
290.6150  13.73680  7.08016
295.3150  13.83044  6.96907
300.0920  13.91937  6.85689
304.9450  14.00274  6.74261
309.8780  14.08004  6.63024
314.8900  14.15297  6.51976
319.9830  14.22224  6.41110
325.1580  14.28834  6.30427
330.4180  14.35171  6.19922
335.7620  14.41254  6.09593
341.1920  14.47144  5.99436
346.7110  14.52867  5.89448
352.3190  14.58470  5.79627
358.0170  14.64137  5.69971
363.8080  14.69977  5.60476
369.6920  14.76360  5.50037
375.6720  14.81607  5.38813
381.7480  14.86094  5.27700
387.9220  14.89967  5.16817
394.1970  14.93394  5.06161
400.5730  14.96440  4.95726
407.0520  14.99164  4.85508
413.6350  15.01587  4.75503
420.3260  15.03737  4.65705
427.1240  15.05637  4.56112
434.0320  15.07314  4.46717
441.0520  15.08784  4.37518
448.1860  15.10057  4.28510
455.4350  15.11257  4.19689
462.8020  15.12340  4.11024
470.2870  15.13250  4.02120
477.8940  15.13794  3.93413
485.6230  15.14124  3.84897
493.4780  15.14337  3.76568
501.4590  15.14540  3.68212
509.5700  15.14437  3.59443
517.8120  15.13693  3.50883
526.1870  15.12567  3.42527
534.6980  15.11127  3.34370
543.3460  15.09373  3.26406
552.1340  15.07327  3.18633
561.0650  15.04997  3.11044
570.1390  15.02373  3.03637
579.3610  14.99590  2.96406
588.7320  14.96493  2.89148
598.2540  14.92880  2.81850
607.9300  14.88590  2.74737
617.7630  14.83913  2.68249
627.7550  14.78949  2.62035
637.9080  14.73729  2.55969
648.2260  14.68116  2.50047
658.7110  14.62049  2.44265
669.3650  14.55462  2.38621
680.1910  14.48279  2.33111
691.1930  14.40405  2.27732
702.3720  14.31775  2.22663
713.7330  14.22709  2.17869
725.2770  14.12972  2.12211
737.0080  14.00975  2.05281
748.9280  13.85361  1.98601
761.0420  13.68124  1.94857
773.3510  13.48324  1.90534
785.8590  13.24673  1.86489
798.5700  12.95623  1.82635
811.4860  12.57452  1.78609
824.6110  12.02455  1.74677
837.9490  11.07443  1.70838
851.5020  7.18405  1.67088
852.6000  3.24782  1.66795
852.8000  3.25278  6.67614
865.2740  11.06492  6.53928
879.2690  12.32392  6.39135
893.4910  13.04963  6.24679
907.9430  13.55688  6.10392
922.6280  13.93755  5.96274
937.5510  14.23579  5.82999
952.7150  14.46786  5.69671
968.1240  14.61870  5.56354
983.7830  14.70353  5.49365
999.6950  14.70517  5.56162
1015.8600  15.04647  5.78637
1032.2900  15.43948  5.65819
1048.9900  15.64325  5.52821
1065.9600  15.82196  5.39939
1083.2000  15.97583  5.27353
1100.7200  16.10927  5.15179
1118.5200  16.22863  5.03431
1136.6100  16.33600  4.91950
1155.0000  16.43261  4.80731
1173.6800  16.51961  4.69772
1192.6600  16.59824  4.59061
1211.9500  16.66925  4.48591
1231.5500  16.73355  4.38355
1251.4700  16.79168  4.28285
1271.7200  16.84365  4.18369
1292.2900  16.88922  4.08593
1313.1900  16.92869  3.99036
1334.4300  16.96252  3.89698
1356.0100  16.99106  3.80577
1377.9400  17.01443  3.71673
1400.2300  17.03289  3.62973
1422.8800  17.04643  3.54472
1445.8900  17.05503  3.46171
1469.2800  17.05930  3.38019
1493.0400  17.05833  3.29993
1517.1900  17.05127  3.21847
1541.7300  17.03560  3.13859
1566.6700  17.01140  3.06070
1592.0100  16.97800  2.98472
1617.7600  16.93394  2.91061
1643.9200  16.87687  2.83833
1670.5100  16.80344  2.76787
1697.5300  16.70811  2.69918
1724.9900  16.58164  2.63223
1752.8900  16.40555  2.56555
1781.2400  16.13698  2.50011
1810.0500  15.63933  2.43603
1839.3200  12.32589  4.90002
1869.0700  15.83356  4.78534
1899.3000  16.44311  4.67334
1930.0200  16.81431  4.56396
1961.2400  17.08421  4.45712
1992.9600  17.29664  4.35276
2025.2000  17.47434  4.25308
2057.9500  17.62614  4.15129
2091.2400  17.75670  4.05129
2125.0600  17.87090  3.95314
2159.4300  17.97200  3.85683
2194.3600  18.06207  3.76230
2229.8500  18.14293  3.66973
2265.9200  18.21573  3.57891
2302.5700  18.28156  3.48997
2339.8100  18.34116  3.40282
2377.6600  18.39516  3.31738
2416.1100  18.44436  3.23387
2455.1900  18.48900  3.15201
2494.9000  18.52946  3.07194
2535.2600  18.56639  2.99367
2576.2600  18.59989  2.91704
2617.9300  18.63029  2.84210
2660.2700  18.65773  2.76878
2703.3000  18.68256  2.69721
2747.0300  18.70499  2.62716
2791.4600  18.72503  2.55872
2836.6100  18.74303  2.49195
2882.4900  18.75909  2.42663
2929.1100  18.77326  2.36282
2976.4800  18.78566  2.30056
3024.6300  18.79656  2.23977
3073.5500  18.80592  2.18041
3123.2600  18.81392  2.12246
3173.7800  18.82062  2.06590
3225.1100  18.82609  2.01072
3277.2700  18.83032  1.95689
3330.2800  18.83359  1.90435
3384.1500  18.83579  1.85311
3438.8800  18.83706  1.80312
3494.5000  18.83746  1.75439
3551.0200  18.83699  1.70685
3608.4600  18.83572  1.66051
3666.8200  18.83376  1.61533
3726.1300  18.83109  1.57130
3786.4000  18.82779  1.52837
3847.6400  18.82379  1.48653
3909.8700  18.81925  1.44575
3973.1100  18.81422  1.40603
4037.3800  18.80862  1.36731
4102.6800  18.80252  1.32959
4169.0300  18.79592  1.29284
4236.4600  18.78892  1.25706
4304.9800  18.78155  1.22219
4374.6200  18.77369  1.18821
4445.3700  18.76552  1.15514
4517.2700  18.75692  1.12292
4590.3300  18.74799  1.09155
4664.5800  18.73865  1.06100
4740.0300  18.72899  1.03124
4816.6900  18.71909  1.00229
4894.6000  18.70875  0.97411
4973.7700  18.69812  0.94664
5054.2100  18.68715  0.91992
5135.9600  18.67589  0.89390
5219.0300  18.66429  0.86857
5303.4400  18.65232  0.84393
5389.2200  18.64005  0.81994
5476.3900  18.62735  0.79658
5564.9700  18.61428  0.77388
5654.9800  18.60082  0.75174
5746.4400  18.58692  0.73023
5839.3900  18.57252  0.70930
5933.8300  18.55768  0.68893
6029.8100  18.54225  0.66908
6127.3300  18.52615  0.64979
6226.4400  18.50942  0.63101
6327.1500  18.49188  0.61275
6429.4800  18.47345  0.59496
6533.4800  18.45408  0.57768
6639.1500  18.43348  0.56085
6746.5400  18.41161  0.54447
6855.6500  18.38815  0.52855
6966.5400  18.36275  0.51305
7079.2200  18.33515  0.49798
7193.7200  18.30465  0.48331
7310.0700  18.27068  0.46905
7428.3100  18.23211  0.45517
7548.4500  18.18761  0.44167
7670.5400  18.13468  0.42853
7794.6100  18.06958  0.41576
7920.6800  17.98517  0.40333
8048.7900  17.86567  0.39124
8178.9800  17.66567  0.37948
8311.2600  16.98882  0.36805
8332.7000  15.09417  0.36627
8332.9000  15.09434  1.48233
8445.6900  17.60923  1.45222
8582.2900  17.90804  1.41709
8721.1100  18.07778  1.38257
8862.1600  18.19771  1.34866
9005.5000  18.29088  1.31536
9151.1600  18.36745  1.28267
9299.1700  18.43305  1.25055
9449.5800  18.49178  1.21905
9602.4200  18.54888  1.18819
9757.7300  18.62352  1.15791
9915.5500  18.63269  1.12829
10075.9000  18.62822  1.09923
10238.9000  18.64919  1.07077
10404.5000  18.66669  1.04291
10572.8000  18.68319  1.01564
10743.8000  18.69859  0.98895
10917.6000  18.71279  0.96285
11094.2000  18.72589  0.93732
11273.6000  18.73789  0.91236
11455.9000  18.74883  0.88796
11641.2000  18.75886  0.86412
11829.5000  18.76793  0.84082
12020.8000  18.77623  0.81807
12215.3000  18.78363  0.79584
12412.8000  18.79036  0.77415
12613.6000  18.79643  0.75296
12817.6000  18.80189  0.73229
13025.0000  18.80676  0.71212
13235.6000  18.81103  0.69244
13449.7000  18.81483  0.67323
13667.2000  18.81816  0.65451
13888.3000  18.82099  0.63625
14112.9000  18.82343  0.61844
14341.2000  18.82556  0.60109
14573.1000  18.82726  0.58417
14808.9000  18.82863  0.56768
15048.4000  18.82973  0.55161
15291.8000  18.83049  0.53596
15539.1000  18.83103  0.52071
15790.4000  18.83130  0.50586
16045.8000  18.83136  0.49140
16305.4000  18.83113  0.47731
16569.1000  18.83076  0.46360
16837.1000  18.83016  0.45025
17109.4000  18.82946  0.43725
17386.1000  18.82856  0.42460
17667.4000  18.82746  0.41229
17953.1000  18.82633  0.40031
18243.5000  18.82500  0.38866
18538.6000  18.82360  0.37732
18838.4000  18.82203  0.36629
19143.1000  18.82040  0.35556
19452.7000  18.81873  0.34512
19767.4000  18.81690  0.33497
20087.1000  18.81500  0.32510
20412.0000  18.81303  0.31550
20742.1000  18.81106  0.30617
21077.6000  18.80900  0.29710
21418.5000  18.80686  0.28829
21765.0000  18.80470  0.27972
22117.0000  18.80256  0.27139
22474.7000  18.80033  0.26330
22838.2000  18.79810  0.25544
23207.6000  18.79576  0.24780
23583.0000  18.79346  0.24038
23964.4000  18.79120  0.23317
24352.0000  18.78883  0.22617
24745.9000  18.78650  0.21936
25146.2000  18.78420  0.21276
25552.9000  18.78190  0.20634
25966.2000  18.77956  0.20011
26386.1000  18.77720  0.19406
26812.9000  18.77489  0.18818
27246.6000  18.77256  0.18247
27687.3000  18.77023  0.17693
28135.1000  18.76799  0.17155
28590.2000  18.76573  0.16633
29052.6000  18.76356  0.16126
29522.5000  18.76183  0.15634
30000.0000  18.75779  0.15157
