Quarts
19.50
2.651
E     f1    f2
10.0000  -6398.09343  0.57277
10.1617  -6398.10233  0.57566
10.3261  -6398.11092  0.57612
10.4931  -6398.11925  0.57659
10.6628  -6398.12764  0.57705
10.8353  -6398.13591  0.57778
11.0106  -6398.14387  0.57916
11.1886  -6398.15130  0.58056
11.3696  -6398.15840  0.58198
11.5535  -6398.16524  0.58340
11.7404  -6398.17184  0.58485
11.9303  -6398.17825  0.58722
12.1232  -6398.18449  0.59003
12.3193  -6398.19056  0.59286
12.5186  -6398.19649  0.59571
12.7210  -6398.20227  0.59859
12.9268  -6398.20791  0.60148
13.1359  -6398.21340  0.60438
13.3483  -6398.21862  0.60731
13.5642  -6398.22346  0.61326
13.7836  -6398.22841  0.62174
14.0066  -6398.23387  0.63035
14.2331  -6398.23943  0.63911
14.4633  -6398.24513  0.64801
14.6973  -6398.25096  0.65928
14.9350  -6398.25691  0.67999
15.1765  -6398.26299  0.70148
15.4220  -6398.26921  0.72381
15.6714  -6398.27551  0.77158
15.9249  -6398.28196  0.83812
16.1825  -6398.28868  0.91159
16.4442  -6398.29576  0.99285
16.7102  -6398.30313  1.08271
16.9805  -6398.31080  1.18208
17.2551  -6398.31883  1.29199
17.5342  -6398.32722  1.41354
17.8178  -6398.33628  1.55285
18.1060  -6398.34588  1.71661
18.3989  -6398.35568  1.90006
18.6964  -6398.36556  2.10473
18.9988  -6398.37573  2.27674
19.3061  -6398.38628  2.38300
19.6184  -6398.39730  2.49447
19.9357  -6398.40905  2.57703
20.2582  -6398.42214  2.61522
20.5858  -6398.43547  2.65619
20.9188  -6398.44824  2.69807
21.2571  -6398.46078  2.74063
21.6009  -6398.47321  2.78034
21.9503  -6398.48542  2.81200
22.3053  -6398.49646  2.84384
22.6661  -6398.50840  2.87334
23.0327  -6398.52154  2.90316
23.4053  -6398.53519  2.93327
23.7838  -6398.54865  2.96371
24.1685  -6398.56155  2.98453
24.5594  -6398.57794  2.99334
24.9566  -6398.59739  3.00232
25.3603  -6398.61825  3.01148
25.7705  -6398.64018  3.01794
26.1873  -6398.66778  3.02254
26.6109  -6398.70147  3.02770
27.0413  -6398.73996  3.03350
27.4786  -6398.78280  3.04575
27.9231  -6398.82657  3.05811
28.3747  -6398.87368  3.07054
28.8337  -6398.92708  3.08325
29.3000  1.20120  3.09953
29.7739  1.19353  3.11592
30.2555  1.17902  3.13241
30.7449  1.15575  3.14900
31.2421  1.12054  3.16615
31.7475  1.06980  3.18442
32.2609  0.99617  3.20285
32.7827  0.88273  3.22145
33.3130  0.68487  3.24023
33.8518  0.15494  3.25919
34.3993  -0.64397  3.27537
34.9557  -0.53825  4.64229
35.5211  0.70884  4.57817
36.0956  1.14642  4.46048
36.6794  1.17707  4.35369
37.2727  1.15998  4.46657
37.8755  1.21021  4.62479
38.4882  1.27141  4.73671
39.1107  1.33530  4.87164
39.7432  1.41348  5.00875
40.3861  1.45449  5.14156
41.0393  1.54465  5.38413
41.7031  1.76010  5.59433
42.3776  2.00107  5.69748
43.0630  2.20112  5.79031
43.7595  2.40149  5.83738
44.4673  2.56898  5.88255
45.1865  2.72443  5.94730
45.9174  2.90357  6.03993
46.6600  3.17972  6.11166
47.4147  3.48813  6.04580
48.1816  3.62394  5.88208
48.9609  3.69158  5.83687
49.7528  3.76199  5.83834
50.5576  3.86113  5.82370
51.3753  3.96017  5.87714
52.2062  4.10841  5.90104
53.0506  4.21655  5.88923
53.9087  4.37898  5.95957
54.7806  4.52161  5.78825
55.6667  4.53041  5.83135
56.5670  4.61864  5.90528
57.4820  4.79659  6.00715
58.4117  5.00120  6.04112
59.3564  5.26731  6.06070
60.3165  5.56077  5.98686
61.2921  5.77210  5.77004
62.2834  5.84386  5.56486
63.2908  5.85602  5.45405
64.3145  5.90616  5.42037
65.3547  5.98887  5.36710
66.4118  6.06958  5.31418
67.4859  6.14995  5.25795
68.5775  6.22866  5.20233
69.6867  6.30483  5.14730
70.8138  6.37841  5.09346
71.9591  6.44872  5.04337
73.1230  6.52140  4.99697
74.3057  6.59528  4.95103
75.5076  6.67040  4.90553
76.7289  6.74757  4.86048
77.9699  6.82970  4.81560
79.2310  6.91054  4.75497
80.5125  6.98520  4.69510
81.8147  7.05466  4.63599
83.1380  7.12182  4.57762
84.4827  7.18721  4.51999
85.8491  7.25146  4.46309
87.2377  7.31624  4.40690
88.6487  7.37970  4.34668
90.0825  7.44046  4.28549
91.5395  7.49763  4.22518
93.0201  7.55317  4.16573
94.5246  7.60756  4.10713
96.0535  7.66130  4.04937
97.6071  7.71559  3.99244
99.1858  7.77393  3.93312
100.7900  7.82668  3.86634
102.4200  7.87470  3.80069
104.0770  7.92052  3.73618
105.7600  7.96414  3.67136
107.4710  8.00502  3.60574
109.2090  8.04279  3.54130
110.9750  8.07836  3.47801
112.7700  8.11205  3.41586
114.5940  8.14410  3.35481
116.4480  8.17472  3.29485
118.3310  8.20404  3.23598
120.2450  8.23233  3.17815
122.1900  8.25969  3.12136
124.1660  8.28634  3.06558
126.1750  8.31310  3.01081
128.2150  8.34042  2.95702
130.2890  8.36945  2.89873
132.3970  8.39291  2.83871
134.5380  8.41269  2.77997
136.7140  8.43066  2.72387
138.9250  8.44757  2.66890
141.1720  8.46334  2.61506
143.4560  8.47809  2.56232
145.7760  8.49186  2.51066
148.1340  8.50479  2.46005
150.5300  8.51693  2.41047
152.9640  8.52844  2.36191
155.4390  8.53937  2.31434
157.9530  8.54979  2.26774
160.5070  8.56031  2.22209
163.1030  8.57072  2.17723
165.7420  8.58078  2.13122
168.4220  8.58954  2.08621
171.1460  8.59773  2.04217
173.9150  8.60563  1.99907
176.7270  8.61368  1.95691
179.5860  8.62292  1.91565
182.4910  8.63607  1.87225
185.4420  8.64427  1.82307
188.4420  8.64875  1.77520
191.4890  8.65100  1.72860
194.5870  8.65165  1.68323
197.7340  8.65100  1.63907
200.9320  8.64927  1.59608
204.1820  8.64729  1.55422
207.4850  8.64451  1.51249
210.8400  8.64021  1.47081
214.2510  8.63440  1.43028
217.7160  8.62742  1.39086
221.2370  8.61946  1.35254
224.8160  8.61054  1.31528
228.4520  8.60068  1.27905
232.1470  8.58988  1.24381
235.9020  8.57805  1.20955
239.7170  8.56362  1.17692
243.5950  8.54934  1.14760
247.5350  8.53574  1.11993
251.5380  8.52275  1.09371
255.6070  8.51030  1.06810
259.7410  8.49804  1.04310
263.9420  8.48585  1.01868
268.2110  8.47368  0.99483
272.5490  8.46151  0.97154
276.9570  8.44949  0.94869
281.4370  8.43802  0.92602
285.9890  8.42586  0.90247
290.6150  8.41245  0.87951
295.3150  8.39845  0.85713
300.0920  8.38393  0.83532
304.9450  8.36890  0.81407
309.8780  8.35338  0.79337
314.8900  8.33795  0.77319
319.9830  8.32208  0.75274
325.1580  8.30496  0.73203
330.4180  8.28662  0.71190
335.7620  8.26735  0.69234
341.1920  8.24709  0.67332
346.7110  8.22589  0.65482
352.3190  8.20369  0.63684
358.0170  8.18043  0.61933
363.8080  8.15601  0.60231
369.6920  8.13039  0.58576
375.6720  8.10341  0.56967
381.7480  8.07479  0.55403
387.9220  8.04414  0.53934
394.1970  8.01250  0.52564
400.5730  7.97946  0.51225
407.0520  7.94457  0.49920
413.6350  7.90749  0.48647
420.3260  7.86798  0.47407
427.1240  7.82558  0.46196
434.0320  7.77992  0.45015
441.0520  7.73043  0.43863
448.1860  7.67646  0.42741
455.4350  7.61715  0.41649
462.8020  7.55149  0.40581
470.2870  7.47798  0.39540
477.8940  7.39474  0.38524
485.6230  7.29900  0.37534
493.4780  7.18685  0.36569
501.4590  7.05201  0.35627
509.5700  6.88397  0.34707
517.8120  6.66293  0.33811
526.1870  6.34370  0.32939
534.6980  5.77853  0.32069
543.0000  2.05231  0.31233
543.2000  2.02933  2.98473
543.3460  2.76965  2.97903
552.1340  5.87959  2.90905
561.0650  6.47193  2.84070
570.1390  6.80780  2.77422
579.3610  7.02760  2.71098
588.7320  7.17360  2.64964
598.2540  7.25763  2.58982
607.9300  7.26997  2.53128
617.7630  7.15011  2.47400
627.7550  5.04581  2.41788
637.9080  5.15364  3.61524
648.2260  5.82533  3.55943
658.7110  7.63916  3.47295
669.3650  8.00765  3.38858
680.1910  8.24874  3.31186
691.1930  8.43773  3.24112
702.3720  8.59924  3.17279
713.7330  8.74216  3.10262
725.2770  8.86610  3.02965
737.0080  8.97531  2.95824
748.9280  9.07349  2.88824
761.0420  9.16250  2.81958
773.3510  9.24431  2.75192
785.8590  9.31949  2.68425
798.5700  9.38712  2.61688
811.4860  9.44846  2.55104
824.6110  9.50423  2.48666
837.9490  9.55487  2.42370
851.5020  9.60060  2.36339
865.2740  9.64272  2.30562
879.2690  9.68281  2.25021
893.4910  9.72085  2.19601
907.9430  9.75698  2.14300
922.6280  9.79155  2.09114
937.5510  9.82441  2.03799
952.7150  9.85421  1.98553
968.1240  9.88109  1.93378
983.7830  9.90542  1.88326
999.6950  9.92761  1.83409
1015.8600  9.94790  1.78615
1032.2900  9.96668  1.73988
1048.9900  9.98435  1.69439
1065.9600  10.00036  1.64964
1083.2000  10.01485  1.60599
1100.7200  10.02803  1.56342
1118.5200  10.03999  1.52191
1136.6100  10.05083  1.48147
1155.0000  10.06062  1.44204
1173.6800  10.06949  1.40359
1192.6600  10.07745  1.36612
1211.9500  10.08461  1.32960
1231.5500  10.09108  1.29402
1251.4700  10.09689  1.25920
1271.7200  10.10206  1.22511
1292.2900  10.10640  1.19170
1313.1900  10.11000  1.15917
1334.4300  10.11299  1.12749
1356.0100  10.11537  1.09664
1377.9400  10.11725  1.06662
1400.2300  10.11870  1.03738
1422.8800  10.11970  1.00890
1445.8900  10.12032  0.98119
1469.2800  10.12068  0.95417
1493.0400  10.12072  0.92777
1517.1900  10.12044  0.90175
1541.7300  10.11958  0.87640
1566.6700  10.11840  0.85177
1592.0100  10.11688  0.82779
1617.7600  10.11507  0.80445
1643.9200  10.11300  0.78177
1670.5100  10.11072  0.75970
1697.5300  10.10827  0.73824
1724.9900  10.10564  0.71736
1752.8900  10.10290  0.69691
1781.2400  10.09992  0.67699
1810.0500  10.09674  0.65757
1839.3200  10.09338  0.63869
1869.0700  10.08986  0.62036
1899.3000  10.08625  0.60253
1930.0200  10.08251  0.58521
1961.2400  10.07868  0.56837
1992.9600  10.07477  0.55200
2025.2000  10.07084  0.53622
2057.9500  10.06695  0.52070
2091.2400  10.06296  0.50559
2125.0600  10.05890  0.49088
2159.4300  10.05476  0.47660
2194.3600  10.05061  0.46270
2229.8500  10.04644  0.44918
2265.9200  10.04223  0.43603
2302.5700  10.03803  0.42326
2339.8100  10.03379  0.41083
2377.6600  10.02958  0.39875
2416.1100  10.02537  0.38700
2455.1900  10.02117  0.37559
2494.9000  10.01700  0.36449
2535.2600  10.01284  0.35370
2576.2600  10.00872  0.34322
2617.9300  10.00460  0.33302
2660.2700  10.00057  0.32312
2703.3000  9.99655  0.31349
2747.0300  9.99262  0.30413
2791.4600  9.98877  0.29504
2836.6100  9.98497  0.28620
2882.4900  9.98125  0.27761
2929.1100  9.97763  0.26926
2976.4800  9.97412  0.26115
3024.6300  9.97077  0.25328
3073.5500  9.96757  0.24562
3123.2600  9.96460  0.23817
3173.7800  9.96191  0.23094
3225.1100  9.95965  0.22392
3277.2700  9.95800  0.21709
3330.2800  9.95748  0.21046
3384.1500  9.95964  0.20402
3438.8800  9.97333  0.19776
3494.5000  9.95695  0.19168
3551.0200  9.93577  0.18577
3608.4600  9.92885  0.18003
3666.8200  9.92169  0.17445
3726.1300  9.91530  0.16903
3786.4000  9.90952  0.16377
3847.6400  9.90415  0.15866
3909.8700  9.89915  0.15369
3973.1100  9.89443  0.14887
4037.3800  9.88992  0.14417
4102.6800  9.88564  0.13963
4169.0300  9.88152  0.13522
4236.4600  9.87759  0.13095
4304.9800  9.87375  0.12681
4374.6200  9.87007  0.12279
4445.3700  9.86653  0.11889
4517.2700  9.86311  0.11512
4590.3300  9.85979  0.11146
4664.5800  9.85656  0.10791
4740.0300  9.85343  0.10446
4816.6900  9.85039  0.10113
4894.6000  9.84742  0.09789
4973.7700  9.84454  0.09476
5054.2100  9.84176  0.09172
5135.9600  9.83904  0.08878
5219.0300  9.83639  0.08592
5303.4400  9.83383  0.08316
5389.2200  9.83130  0.08048
5476.3900  9.82886  0.07788
5564.9700  9.82649  0.07536
5654.9800  9.82417  0.07292
5746.4400  9.82189  0.07056
5839.3900  9.81970  0.06827
5933.8300  9.81753  0.06605
6029.8100  9.81546  0.06390
6127.3300  9.81342  0.06182
6226.4400  9.81140  0.05980
6327.1500  9.80947  0.05784
6429.4800  9.80757  0.05595
6533.4800  9.80573  0.05412
6639.1500  9.80391  0.05234
6746.5400  9.80215  0.05062
6855.6500  9.80045  0.04895
6966.5400  9.79878  0.04734
7079.2200  9.79712  0.04577
7193.7200  9.79553  0.04426
7310.0700  9.79398  0.04279
7428.3100  9.79246  0.04137
7548.4500  9.79097  0.04000
7670.5400  9.78952  0.03867
7794.6100  9.78814  0.03738
7920.6800  9.78677  0.03614
8048.7900  9.78542  0.03493
8178.9800  9.78410  0.03376
8311.2600  9.78283  0.03263
8445.6900  9.78161  0.03154
8582.2900  9.78037  0.03048
8721.1100  9.77919  0.02946
8862.1600  9.77806  0.02847
9005.5000  9.77694  0.02751
9151.1600  9.77585  0.02659
9299.1700  9.77477  0.02569
9449.5800  9.77375  0.02482
9602.4200  9.77274  0.02398
9757.7300  9.77174  0.02317
9915.5500  9.77080  0.02239
10075.9000  9.76987  0.02163
10238.9000  9.76896  0.02089
10404.5000  9.76820  0.02018
10572.8000  9.76721  0.01949
10743.8000  5.14011  0.01154
10917.6000  5.13951  0.01114
11094.2000  5.13894  0.01076
11273.6000  5.13838  0.01038
11455.9000  5.13783  0.01002
11641.2000  5.13730  0.00967
11829.5000  5.13677  0.00934
12020.8000  5.13626  0.00901
12215.3000  5.13577  0.00870
12412.8000  5.13528  0.00839
12613.6000  5.13481  0.00810
12817.6000  5.13435  0.00782
13025.0000  5.13390  0.00754
13235.6000  5.13346  0.00728
13449.7000  5.13303  0.00702
13667.2000  5.13261  0.00677
13888.3000  5.13220  0.00654
14112.9000  5.13181  0.00630
14341.2000  5.13142  0.00608
14573.1000  5.13105  0.00587
14808.9000  5.13068  0.00566
15048.4000  5.13032  0.00546
15291.8000  5.12996  0.00527
15539.1000  5.12963  0.00508
15790.4000  5.12929  0.00490
16045.8000  5.12897  0.00473
16305.4000  5.12865  0.00456
16569.1000  5.12835  0.00440
16837.1000  5.12804  0.00424
17109.4000  5.12776  0.00409
17386.1000  5.12747  0.00394
17667.4000  5.12719  0.00380
17953.1000  5.12692  0.00367
18243.5000  5.12666  0.00354
18538.6000  5.12641  0.00341
18838.4000  5.12616  0.00329
19143.1000  5.12591  0.00317
19452.7000  5.12568  0.00306
19767.4000  5.12545  0.00295
20087.1000  5.12522  0.00285
20412.0000  5.12500  0.00274
20742.1000  5.12479  0.00265
21077.6000  5.12459  0.00255
21418.5000  5.12439  0.00246
21765.0000  5.12419  0.00238
22117.0000  5.12401  0.00229
22474.7000  5.12382  0.00221
22838.2000  5.12364  0.00213
23207.6000  5.12346  0.00206
23583.0000  5.12330  0.00198
23964.4000  5.12313  0.00191
24352.0000  5.12297  0.00185
24745.9000  5.12281  0.00178
25146.2000  5.12266  0.00172
25552.9000  5.12252  0.00166
25966.2000  5.12237  0.00160
26386.1000  5.12223  0.00154
26812.9000  5.12209  0.00149
27246.6000  5.12196  0.00144
27687.3000  5.12183  0.00138
28135.1000  5.12171  0.00134
28590.2000  5.12159  0.00129
29052.6000  5.12147  0.00124
29522.5000  5.12136  0.00120
30000.0000  5.12124  0.00116
