ScSiUIMD
36.52
3.363
E     f1    f2
18.0000  2.66333  1.37976
18.2000  2.65461  1.36028
18.4000  2.63196  1.34277
18.6000  2.60921  1.32830
18.8000  2.58715  1.31202
19.0000  2.56254  1.29478
19.2000  2.53678  1.27976
19.4000  2.51030  1.26275
19.6000  2.48215  1.24718
19.8000  2.45265  1.23097
20.0000  2.42276  1.21849
20.2000  2.39211  1.20461
20.4000  2.35996  1.19322
20.6000  2.32753  1.18072
20.8000  2.29400  1.16980
21.0000  2.26016  1.15885
21.2000  2.22588  1.14933
21.4000  2.18996  1.13881
21.6000  2.15288  1.13158
21.8000  2.11681  1.12450
22.0000  2.08033  1.11854
22.2000  2.04350  1.11410
22.4000  2.00701  1.10988
22.6000  1.96973  1.10428
22.8000  1.93172  1.09959
23.0000  1.89217  1.09339
23.2000  1.85058  1.08860
23.4000  1.80795  1.08301
23.6000  1.76444  1.07834
23.8000  1.71786  1.07139
24.0000  1.66881  1.06985
24.2000  1.62078  1.06863
24.4000  1.57201  1.06731
24.6000  1.52226  1.06588
24.8000  1.47132  1.06433
25.0000  1.41903  1.06309
25.2000  1.36521  1.06210
25.4000  1.30962  1.06098
25.6000  1.25207  1.05973
25.8000  1.19234  1.05835
26.0000  1.13062  1.05718
26.2000  1.06660  1.05618
26.4000  1.00019  1.05478
26.6000  0.92967  1.05122
26.8000  0.85308  1.04760
27.0000  0.77081  1.04526
27.2000  0.68181  1.04200
27.4000  0.58319  1.03848
27.6000  0.47116  1.03597
27.8000  0.34090  1.03872
28.0000  0.17654  1.05492
28.2000  -0.01484  1.13507
28.4000  -0.12700  1.30787
28.6000  -0.16192  1.39682
28.8000  -0.23015  1.44057
29.0000  -0.33418  1.49292
29.2000  -0.46191  1.56683
29.4000  -0.56557  1.69894
29.6000  -0.63468  1.80406
29.8000  -0.70627  1.91272
30.0000  -0.38921  1.76671
30.2000  -0.09424  1.64326
30.4000  -0.12669  1.73686
30.6000  -0.15741  1.81776
30.8000  -0.19111  1.88481
31.0000  -0.23445  1.93991
31.2000  -0.29157  1.98886
31.4000  -0.36457  2.03524
31.6000  -0.45580  2.08466
31.8000  -0.56657  2.14448
32.0000  -0.68907  2.22649
32.2000  -0.81883  2.32313
32.4000  -0.94813  2.44867
32.6000  -1.06983  2.58337
32.8000  -1.19348  2.73332
33.0000  -1.30881  2.90619
33.2000  -1.41638  3.08501
33.4000  -1.51414  3.28754
33.6000  -1.60528  3.48878
33.8000  -1.68796  3.72808
34.0000  -1.73310  3.97732
34.2000  -1.73391  4.22227
34.4000  -1.78285  4.39148
34.6000  -1.78596  4.74705
34.8000  -1.69495  4.89841
35.0000  -1.68757  5.09950
35.2000  -1.68663  5.25000
35.4000  -1.73609  5.46529
35.6000  -1.75239  5.72527
35.8000  -1.73255  5.98819
36.0000  -1.69865  6.24686
36.2000  -1.65791  6.51338
36.4000  -1.59320  6.79872
36.6000  -1.49783  7.07179
36.8000  -1.40011  7.33343
37.0000  -1.27854  7.62515
37.2000  -1.12764  7.87394
37.4000  -0.97724  8.14329
37.6000  -0.78860  8.39849
37.8000  -0.57478  8.63338
38.0000  -0.36192  8.81823
38.2000  -0.16959  9.01408
38.4000  0.03755  9.20596
38.6000  0.25761  9.38956
38.8000  0.47603  9.54419
39.0000  0.68436  9.70969
39.2000  0.88187  9.85472
39.4000  1.08654  10.07197
39.6000  1.35243  10.24521
39.8000  1.61445  10.41468
40.0000  1.90436  10.57724
40.2000  2.21339  10.70478
40.4000  2.52029  10.81272
40.6000  2.83084  10.90466
40.8000  3.14021  10.97671
41.0000  3.44859  11.04551
41.2000  3.76524  11.09832
41.4000  4.07968  11.14073
41.6000  4.42543  11.19601
41.8000  4.78542  11.15310
42.0000  5.08270  11.12518
42.2000  5.40811  11.11366
42.4000  5.72441  11.02373
42.6000  6.00492  11.00554
42.8000  6.35503  10.94609
43.0000  6.66571  10.80998
43.2000  6.94701  10.74280
43.4000  7.28726  10.61513
43.6000  7.57280  10.42392
43.8000  7.81615  10.28126
44.0000  8.07896  10.11395
44.2000  8.31723  9.94546
44.4000  8.58714  9.80028
44.6000  8.85262  9.53340
44.8000  9.03049  9.31367
45.0000  9.22714  9.09851
45.2000  9.40579  8.85476
45.4000  9.56294  8.63264
45.6000  9.72993  8.38966
45.8000  9.86703  8.11097
46.0000  9.93778  7.82632
46.2000  9.98639  7.60883
46.4000  10.00575  7.35507
46.6000  10.01258  7.24801
46.8000  10.11070  7.09964
47.0000  10.21314  6.94271
47.2000  10.32881  6.75190
47.4000  10.42943  6.53186
47.6000  10.50162  6.29426
47.8000  10.54402  6.05979
48.0000  10.57160  5.83845
48.2000  10.59501  5.61921
48.4000  10.59365  5.38852
48.6000  10.57588  5.19484
48.8000  10.56795  4.99911
49.0000  10.54243  4.80080
49.2000  10.51004  4.63017
49.4000  10.48829  4.46113
49.6000  10.46671  4.29558
49.8000  10.52031  4.14377
50.0000  10.46242  3.75816
50.2000  10.25053  3.61905
50.4000  10.13903  3.51732
50.6000  10.05234  3.41442
50.8000  9.97998  3.31525
51.0000  9.90973  3.20135
51.2000  9.82104  3.09494
51.4000  9.74612  3.02224
51.6000  9.68558  2.92591
51.8000  9.61493  2.83783
52.0000  9.53922  2.74961
52.2000  9.46248  2.68140
52.4000  9.40159  2.61773
52.6000  9.33892  2.54174
52.8000  9.27230  2.48180
53.0000  9.21991  2.42310
53.2000  9.15932  2.34763
53.4000  9.08999  2.29475
53.6000  9.03429  2.24635
53.8000  8.98614  2.19284
54.0000  8.93188  2.13010
54.2000  8.86871  2.07654
54.4000  8.80953  2.03250
54.6000  8.75331  1.98795
54.8000  8.70200  1.95040
55.0000  8.65084  1.90470
55.2000  8.60477  1.87099
55.4000  8.55623  1.81725
55.6000  8.49815  1.78178
55.8000  8.44868  1.74763
56.0000  8.39780  1.71180
56.2000  8.35352  1.68512
56.4000  8.30757  1.64257
56.6000  8.25589  1.61481
56.8000  8.20943  1.58479
57.0000  8.16596  1.55908
57.2000  8.12111  1.52573
57.4000  8.07175  1.50140
57.6000  8.02732  1.48050
57.8000  7.98945  1.45954
58.0000  7.95050  1.42992
58.2000  7.90449  1.40429
58.4000  7.86480  1.38666
58.6000  7.82043  1.35584
58.8000  7.77543  1.34513
59.0000  7.73678  1.32280
59.2000  7.69536  1.30852
59.4000  7.65794  1.29249
59.6000  7.62105  1.27641
59.8000  7.58326  1.25821
60.0000  7.54311  1.24259
60.2000  7.50604  1.23103
60.4000  7.46713  1.21510
60.6000  7.42938  1.20980
60.8000  7.39926  1.20009
61.0000  7.36629  1.18546
61.2000  7.33070  1.17494
61.4000  7.29813  1.16593
61.6000  7.26297  1.15360
61.8000  7.23057  1.15077
62.0000  7.20156  1.13983
62.2000  7.17006  1.13194
62.4000  7.13665  1.12234
62.6000  7.10482  1.12088
62.8000  7.07805  1.11569
63.0000  7.04837  1.10851
63.2000  7.02233  1.10736
63.4000  6.99726  1.09745
63.6000  6.96777  1.09208
63.8000  6.94069  1.08875
64.0000  6.91429  1.08402
64.2000  6.88830  1.08124
64.4000  6.86583  1.07853
64.6000  6.84081  1.07047
64.8000  6.81383  1.06890
65.0000  6.78884  1.06614
65.2000  6.76470  1.06560
65.4000  6.74250  1.06336
65.6000  6.72044  1.06097
65.8000  6.69891  1.05903
66.0000  6.67798  1.05686
66.2000  6.65732  1.05460
66.4000  6.63662  1.05251
66.6000  6.61760  1.05116
66.8000  6.59902  1.04691
67.0000  6.57856  1.04265
67.2000  6.55704  1.03976
67.4000  6.53722  1.03922
67.6000  6.51936  1.03709
67.8000  6.50095  1.03362
68.0000  6.48154  1.03030
68.2000  6.46135  1.02737
68.4000  6.44204  1.02620
68.6000  6.42343  1.02333
68.8000  6.40369  1.02087
69.0000  6.38379  1.01926
69.2000  6.36433  1.01835
69.4000  6.34465  1.01791
69.6000  6.32536  1.01888
69.8000  6.30793  1.02025
70.0000  6.29171  1.02084
