Sc 
44.9559
2.999
E(eV)    f1       f2
18 2.42486 1.06456
18.2 2.41654 1.04338
18.4 2.38034 1.02613
18.6 2.34395 1.01495
18.8 2.30895 1.00018
19 2.26929 0.98287
19.2 2.22798 0.96911
19.4 2.18525 0.95138
19.6 2.13915 0.93652
19.8 2.09037 0.9204
20 2.0414 0.90997
20.2 1.99166 0.89434
20.4 1.93893 0.88372
20.6 1.88565 0.87088
20.8 1.83016 0.86119
21 1.77379 0.85078
21.2 1.71623 0.84242
21.4 1.65538 0.83203
21.6 1.59223 0.82826
21.8 1.53108 0.82476
22 1.46927 0.82156
22.2 1.40691 0.81918
22.4 1.34523 0.81724
22.6 1.28198 0.81253
22.8 1.21727 0.80965
23 1.15047 0.80343
23.2 1.0806 0.79965
23.4 1.00866 0.79429
23.6 0.93495 0.79075
23.8 0.85511 0.78268
24 0.77083 0.78454
24.2 0.68906 0.78624
24.4 0.60583 0.78773
24.6 0.52063 0.789
24.8 0.43306 0.79004
25 0.3427 0.79083
25.2 0.2492 0.79137
25.4 0.15217 0.79165
25.6 0.05121 0.79167
25.8 -0.05412 0.79142
26 -0.16423 0.7909
26.2 -0.27957 0.79014
26.4 -0.39973 0.78858
26.6 -0.52807 0.7827
26.8 -0.66858 0.77671
27 -0.81945 0.77263
27.2 -0.9831 0.76625
27.4 -1.16597 0.75934
27.6 -1.37568 0.75445
27.8 -1.62183 0.76009
28 -1.93553 0.79219
28.2 -2.30282 0.95187
28.4 -2.51167 1.29687
28.6 -2.56605 1.47416
28.8 -2.68706 1.56105
29 -2.87938 1.66471
29.2 -3.11891 1.81123
29.4 -3.31031 2.07416
29.6 -3.43262 2.28311
29.8 -3.55987 2.49913
30 -3.66388 2.72055
30.2 -3.73846 2.93538
30.4 -3.79363 3.12208
30.6 -3.84543 3.28344
30.8 -3.90311 3.41716
31 -3.98014 3.52689
31.2 -4.08484 3.62417
31.4 -4.22141 3.71623
31.6 -4.39461 3.81444
31.8 -4.60728 3.93264
32 -4.84342 4.09518
32.2 -5.09433 4.287
32.4 -5.34481 4.53665
32.6 -5.58013 4.80464
32.8 -5.81971 5.10318
33 -6.04277 5.44748
33.2 -6.25022 5.80357
33.4 -6.43839 6.20734
33.6 -6.61342 6.6084
33.8 -6.77166 7.08552
34 -6.85513 7.58256
34.2 -6.84982 8.07126
34.4 -6.94105 8.40829
34.6 -6.94078 9.11784
34.8 -6.75225 9.41921
35 -6.73113 9.82006
35.2 -6.72293 10.11971
35.4 -6.81554 10.54876
35.6 -6.84206 11.06746
35.8 -6.79633 11.59197
36 -6.7225 12.10786
36.2 -6.63526 12.63948
36.4 -6.50013 13.20877
36.6 -6.30372 13.75354
36.8 -6.10265 14.27548
37 -5.85393 14.85759
37.2 -5.54662 15.35387
37.4 -5.24036 15.8913
37.6 -4.85783 16.4003
37.8 -4.42515 16.86858
38 -3.99421 17.23708
38.2 -3.60442 17.62747
38.4 -3.18509 18.00981
38.6 -2.74029 18.37561
38.8 -2.29881 18.68357
39 -1.87743 19.01347
39.2 -1.47784 19.30249
39.4 -1.06399 19.73599
39.6 -0.52788 20.08176
39.8 5.05524E-4 20.42002
40 0.5847 20.74448
40.2 1.20719 20.99921
40.4 1.82554 21.2147
40.6 2.45141 21.39802
40.8 3.07496 21.5416
41 3.69653 21.67869
41.2 4.33468 21.78386
41.4 4.96843 21.86826
41.6 5.6648 21.97844
41.8 6.38966 21.89225
42 6.98911 21.83607
42.2 7.64455 21.81246
42.4 8.28178 21.63202
42.6 8.8477 21.5951
42.8 9.55279 21.47568
43 10.17901 21.20299
43.2 10.74646 21.06818
43.4 11.4318 20.8124
43.6 12.00801 20.4296
43.8 12.49973 20.14391
44 13.03011 19.80896
44.2 13.51154 19.47153
44.4 14.05637 19.18058
44.6 14.59232 18.64645
44.8 14.95301 18.20676
45 15.3512 17.77599
45.2 15.71339 17.288
45.4 16.03246 16.8433
45.6 16.37127 16.3569
45.8 16.6505 15.79913
46 16.797 15.22955
46.2 16.89913 14.79456
46.4 16.94287 14.2869
46.6 16.96166 14.07251
46.8 17.16296 13.77551
47 17.37285 13.4614
47.2 17.60936 13.07957
47.4 17.8158 12.63932
47.6 17.96556 12.16398
47.8 18.05577 11.69491
48 18.11624 11.25186
48.2 18.16834 10.81296
48.4 18.17104 10.35151
48.6 18.14097 9.96411
48.8 18.13043 9.57236
49 18.08469 9.17541
49.2 18.02568 8.83389
49.4 17.98802 8.49555
49.6 17.95053 8.16453
49.8 18.06338 7.86104
50 17.95307 7.0897
50.2 17.53475 6.8113
50.4 17.31764 6.60741
50.6 17.15025 6.40113
50.8 17.01133 6.20264
51 16.87661 5.97479
51.2 16.70538 5.76194
51.4 16.56184 5.61652
51.6 16.44689 5.42364
51.8 16.31167 5.24714
52 16.16661 5.07038
52.2 16.01972 4.93368
52.4 15.90441 4.80607
52.6 15.78543 4.65384
52.8 15.6586 4.53349
53 15.56029 4.41513
53.2 15.44562 4.2633
53.4 15.31356 4.15699
53.6 15.20876 4.05965
53.8 15.11881 3.95172
54 15.01664 3.82535
54.2 14.89672 3.71736
54.4 14.78482 3.6284
54.6 14.67889 3.53846
54.8 14.58282 3.46253
55 14.48711 3.3703
55.2 14.40162 3.30207
55.4 14.3112 3.19379
55.6 14.20178 3.12208
55.8 14.1096 3.05301
56 14.01465 2.98061
56.2 13.93292 2.92651
56.4 13.8479 2.8407
56.6 13.75147 2.78446
56.8 13.66535 2.72374
57 13.58497 2.67165
57.2 13.50186 2.60426
57.4 13.41062 2.55456
57.6 13.32924 2.51171
57.8 13.26073 2.46903
58 13.18995 2.40919
58.2 13.10522 2.35721
58.4 13.03344 2.32094
58.6 12.9523 2.2583
58.8 12.87038 2.23632
59 12.80117 2.19113
59.2 12.72645 2.16106
59.4 12.65978 2.12676
59.6 12.5941 2.09245
59.8 12.52631 2.05427
60 12.45378 2.02122
60.2 12.38714 1.99598
60.4 12.31671 1.96189
60.6 12.24859 1.94905
60.8 12.19576 1.92742
61 12.13723 1.89592
61.2 12.07349 1.87264
61.4 12.01578 1.85238
61.6 11.95275 1.82547
61.8 11.89493 1.81757
62 11.84389 1.79345
62.2 11.78788 1.77544
62.4 11.72805 1.75398
62.6 11.67149 1.74881
62.8 11.62537 1.73619
63 11.57342 1.71958
63.2 11.52806 1.71503
63.4 11.48442 1.69296
63.6 11.432 1.67997
63.8 11.38474 1.67106
64 11.33884 1.65935
64.2 11.29319 1.65153
64.4 11.25418 1.64383
64.6 11.21007 1.62546
64.8 11.16241 1.62005
65 11.11875 1.61227
65.2 11.07677 1.60959
65.4 11.03863 1.60474
65.6 11.00076 1.5996
65.8 10.96423 1.59505
66 10.92901 1.5899
66.2 10.89434 1.58459
66.4 10.86 1.57964
66.6 10.82902 1.57618
66.8 10.79889 1.56691
67 10.76495 1.55766
67.2 10.72889 1.55114
67.4 10.69616 1.54935
67.6 10.66734 1.54439
67.8 10.63742 1.53676
68 10.60582 1.52944
68.2 10.57273 1.52291
68.4 10.54141 1.51991
68.6 10.51137 1.51354
68.8 10.4791 1.508
69 10.44633 1.50414
69.2 10.41398 1.50174
69.4 10.38122 1.50027
69.6 10.34917 1.50235
69.8 10.32076 1.50605
70 10.29478 1.50819