Si 
28.0855
2.332
E(eV)    f1       f2
18 5.12278 2.03097
18.2 5.11904 1.95787
18.4 5.11529 1.88477
18.6 5.10642 1.81614
18.8 5.09695 1.74803
19 5.1386 1.18852
19.2 5.12379 1.11907
19.4 5.062 1.48622
19.6 5.06818 1.04717
19.8 5.03406 1.13971
20 4.98928 1.11329
20.2 4.93022 0.92756
20.4 4.87606 0.84819
20.6 4.82644 0.80007
20.8 4.79619 0.7644
21 4.76594 0.72856
21.2 4.73568 0.69249
21.4 4.70986 0.66082
21.6 4.68757 0.63265
21.8 4.65979 0.60676
22 4.62981 0.58177
22.2 4.59687 0.56136
22.4 4.56306 0.54229
22.6 4.53395 0.52282
22.8 4.50615 0.50323
23 4.47046 0.48634
23.2 4.43123 0.47064
23.4 4.39494 0.45667
23.6 4.36106 0.4441
23.8 4.32648 0.43295
24 4.29035 0.42497
24.2 4.25422 0.41698
24.4 4.22264 0.4093
24.6 4.19121 0.40162
24.8 4.1652 0.39434
25 4.14398 0.38743
25.2 4.12213 0.38065
25.4 4.08557 0.37722
25.6 4.04901 0.37379
25.8 4.01998 0.36994
26 4.00216 0.36546
26.2 3.98434 0.36098
26.4 3.96477 0.35821
26.6 3.9443 0.35632
26.8 3.92384 0.35442
27 3.90818 0.35241
27.2 3.89354 0.35037
27.4 3.87889 0.34834
27.6 3.86286 0.34862
27.8 3.84656 0.34934
28 3.83026 0.35006
28.2 3.81704 0.35121
28.4 3.80512 0.35253
28.6 3.79319 0.35385
28.8 3.77741 0.35517
29 3.75719 0.35649
29.2 3.73698 0.35781
29.4 3.71737 0.35915
29.6 3.71675 0.36114
29.8 3.71613 0.36312
30 3.7155 0.36511
30.2 3.70786 0.36742
30.4 3.6915 0.37014
30.6 3.67515 0.37285
30.8 3.65879 0.37556
31 3.64551 0.37827
31.2 3.6338 0.38098
31.4 3.6221 0.38368
31.6 3.61039 0.38639
31.8 3.59779 0.38858
32 3.58488 0.39058
32.2 3.57196 0.39258
32.4 3.55904 0.39458
32.6 3.54489 0.39656
32.8 3.52972 0.39852
33 3.51455 0.40048
33.2 3.49939 0.40244
33.4 3.48637 0.40452
33.6 3.48415 0.4072
33.8 3.48192 0.40988
34 3.4797 0.41256
34.2 3.47747 0.41524
34.4 3.47049 0.41752
34.6 3.45938 0.41946
34.8 3.44827 0.42141
35 3.43717 0.42335
35.2 3.42606 0.42529
35.4 3.41417 0.42724
35.6 3.40187 0.42919
35.8 3.38958 0.43114
36 3.37728 0.43309
36.2 3.36498 0.43504
36.4 3.35804 0.43407
36.6 3.35819 0.42922
36.8 3.35834 0.42438
37 3.35849 0.41953
37.2 3.35864 0.41468
37.4 3.35879 0.40984
37.6 3.34409 0.41668
37.8 3.32864 0.42409
38 3.3132 0.4315
38.2 3.29776 0.43892
38.4 3.28232 0.44633
38.6 3.26786 0.45331
38.8 3.26498 0.4551
39 3.2621 0.45689
39.2 3.25922 0.45868
39.4 3.25634 0.46047
39.6 3.25346 0.46226
39.8 3.25058 0.46405
40 3.23373 0.46516
40.2 3.21451 0.46616
40.4 3.19528 0.46716
40.6 3.17606 0.46815
40.8 3.15684 0.46915
41 3.13762 0.47015
41.2 3.12134 0.47112
41.4 3.11471 0.47203
41.6 3.10808 0.47293
41.8 3.10144 0.47384
42 3.09481 0.47474
42.2 3.08818 0.47565
42.4 3.08154 0.47655
42.6 3.0747 0.47732
42.8 3.06678 0.47741
43 3.05885 0.47749
43.2 3.05092 0.47758
43.4 3.043 0.47766
43.6 3.03507 0.47774
43.8 3.02715 0.47783
44 3.01922 0.47791
44.2 3.01038 0.47811
44.4 3.00077 0.4784
44.6 2.99117 0.4787
44.8 2.98156 0.47899
45 2.97195 0.47929
45.2 2.96235 0.47958
45.4 2.95274 0.47987
45.6 2.94313 0.48017
45.8 2.93575 0.48041
46 2.93198 0.48058
46.2 2.92821 0.48074
46.4 2.92444 0.48091
46.6 2.92067 0.48107
46.8 2.9169 0.48124
47 2.91313 0.4814
47.2 2.90936 0.48156
47.4 2.90559 0.48173
47.6 2.90099 0.48158
47.8 2.89577 0.48119
48 2.89054 0.4808
48.2 2.88531 0.48042
48.4 2.88009 0.48003
48.6 2.87486 0.47964
48.8 2.86963 0.47925
49 2.86441 0.47886
49.2 2.85918 0.47848
49.4 2.85382 0.47807
49.6 2.84737 0.47752
49.8 2.84092 0.47696
50 2.83447 0.47641
50.2 2.82801 0.47585
50.4 2.82156 0.4753
50.6 2.81511 0.47474
50.8 2.80866 0.47419
51 2.80221 0.47364
51.2 2.79576 0.47308
51.4 2.7893 0.47253
51.6 2.78164 0.47199
51.8 2.77367 0.47145
52 2.76571 0.47091
52.2 2.75774 0.47037
52.4 2.74978 0.46983
52.6 2.74182 0.4693
52.8 2.73385 0.46876
53 2.72589 0.46822
53.2 2.71792 0.46768
53.4 2.70996 0.46714
53.6 2.702 0.4666
53.8 2.69301 0.46612
54 2.68335 0.46567
54.2 2.67369 0.46522
54.4 2.66402 0.46477
54.6 2.65436 0.46431
54.8 2.6447 0.46386
55 2.63504 0.46341
55.2 2.62538 0.46296
55.4 2.61571 0.46251
55.6 2.60605 0.46206
55.8 2.59639 0.46161
56 2.58673 0.46116
56.2 2.57633 0.4605
56.4 2.56484 0.45954
56.6 2.55335 0.45859
56.8 2.54186 0.45763
57 2.53037 0.45667
57.2 2.51888 0.45571
57.4 2.50739 0.45476
57.6 2.4959 0.4538
57.8 2.48442 0.45284
58 2.47293 0.45188
58.2 2.46144 0.45092
58.4 2.44995 0.44997
58.6 2.43846 0.44901
58.8 2.42779 0.44807
59 2.42953 0.4474
59.2 2.43128 0.44673
59.4 2.43302 0.44605
59.6 2.43477 0.44538
59.8 2.43651 0.44471
60 2.43826 0.44404
60.2 2.44 0.44337
60.4 2.44175 0.4427
60.6 2.44349 0.44203
60.8 2.44524 0.44136
61 2.44698 0.44068
61.2 2.44873 0.44001
61.4 2.45047 0.43934
61.6 2.45222 0.43867
61.8 2.44804 0.43792
62 2.43399 0.43704
62.2 2.41994 0.43616
62.4 2.40589 0.43528
62.6 2.39185 0.4344
62.8 2.3778 0.43352
63 2.36375 0.43263
63.2 2.3497 0.43175
63.4 2.33565 0.43087
63.6 2.3216 0.42999
63.8 2.30755 0.42911
64 2.2935 0.42823
64.2 2.27945 0.42735
64.4 2.2654 0.42647
64.6 2.25135 0.42559
64.8 2.23731 0.42471
65 2.22375 0.42383
65.2 2.21491 0.423
65.4 2.20607 0.42217
65.6 2.19722 0.42133
65.8 2.18838 0.4205
66 2.17954 0.41967
66.2 2.17069 0.41884
66.4 2.16185 0.418
66.6 2.15301 0.41717
66.8 2.14416 0.41634
67 2.13532 0.41551
67.2 2.12648 0.41468
67.4 2.11763 0.41384
67.6 2.10879 0.41301
67.8 2.09995 0.41218
68 2.0911 0.41135
68.2 2.08226 0.41051
68.4 2.07342 0.40968
68.6 2.06445 0.40885
68.8 2.05388 0.40801
69 2.04332 0.40718
69.2 2.03275 0.40634
69.4 2.02218 0.4055
69.6 2.01162 0.40467
69.8 2.00105 0.40383
70 1.99048 0.40299
