SiC
20.05
3
E     f1    f2
29.3000  3.73564  1.55599
29.7739  3.74245  1.53131
30.2555  3.74890  1.50506
30.7449  3.75370  1.47933
31.2421  3.75708  1.45411
31.7475  3.75952  1.42982
32.2609  3.76143  1.40702
32.7827  3.76323  1.38474
33.3130  3.76464  1.36296
33.8518  3.76560  1.34168
34.3993  3.76602  1.32088
34.9557  3.76565  1.30057
35.5211  3.76462  1.28215
36.0956  3.76431  1.26439
36.6794  3.76416  1.24702
37.2727  3.76409  1.23003
37.8755  3.76415  1.21341
38.4882  3.76444  1.19716
39.1107  3.76616  1.18127
39.7432  3.76928  1.16283
40.3861  3.76958  1.14182
41.0393  3.76741  1.12132
41.7031  3.76389  1.10132
42.3776  3.75912  1.08180
43.0630  3.75317  1.06275
43.7595  3.74597  1.04416
44.4673  3.73691  1.02602
45.1865  3.72563  1.00883
45.9174  3.71405  0.99695
46.6600  3.70427  0.98498
47.4147  3.69471  0.97307
48.1816  3.68492  0.96137
48.9609  3.67482  0.94986
49.7528  3.66426  0.93854
50.5576  3.65310  0.92742
51.3753  3.64121  0.91648
52.2062  3.62795  0.90572
53.0506  3.61308  0.89556
53.9087  3.59650  0.88870
54.7806  3.58171  0.88365
55.6667  3.56766  0.87868
56.5670  3.55374  0.87380
57.4820  3.53968  0.86900
58.4117  3.52509  0.86429
59.3564  3.50912  0.85966
60.3165  3.49380  0.85844
61.2921  3.48120  0.85652
62.2834  3.46793  0.85165
63.2908  3.45317  0.84712
64.3145  3.43802  0.84292
65.3547  3.42420  0.83873
66.4118  3.40864  0.83074
67.4859  3.39095  0.82294
68.5775  3.37223  0.81534
69.6867  3.35358  0.80792
70.8138  3.33557  0.79629
71.9591  3.31209  0.78021
73.1230  3.28380  0.76446
74.3057  3.25323  0.74904
75.5076  3.22087  0.72959
76.7289  3.17978  0.70738
77.9699  3.12934  0.68607
79.2310  3.07149  0.66576
80.5125  3.00693  0.65531
81.8147  2.94084  0.64503
83.1380  2.86958  0.63492
84.4827  2.78867  0.62528
85.8491  2.70067  0.62108
87.2377  2.60715  0.61706
88.6487  2.50284  0.61323
90.0825  2.38462  0.60958
91.5395  2.24745  0.60682
93.0201  2.08564  0.60575
94.5246  1.88781  0.60496
96.0535  1.62794  0.60444
97.6071  1.23808  0.60420
99.1858  0.34243  0.60424
99.7000  -0.96340  0.60434
99.9000  -0.90291  2.65214
100.7900  0.87876  2.52890
102.4200  1.41953  2.32171
104.0770  1.32787  2.16945
105.7600  1.18985  2.36048
107.4710  1.16324  2.62018
109.2090  1.15899  2.80968
110.9750  1.16289  3.03403
112.7700  1.19157  3.26163
114.5940  1.16644  3.48268
116.4480  1.21777  3.86998
118.3310  1.46056  4.20821
120.2450  1.74333  4.38418
122.1900  1.96510  4.54448
124.1660  2.18809  4.63541
126.1750  2.36169  4.72342
128.2150  2.51712  4.84105
130.2890  2.70814  5.00086
132.3970  3.04534  5.12896
134.5380  3.42927  5.04794
136.7140  3.54665  4.81861
138.9250  3.54977  4.77775
141.1720  3.56544  4.82745
143.4560  3.63592  4.85219
145.7760  3.71174  4.97956
148.1340  3.86592  5.06163
150.5300  3.96243  5.08908
152.9640  4.14379  5.24050
155.4390  4.29738  5.02524
157.9530  4.25016  5.13436
160.5070  4.32502  5.28970
163.1030  4.53736  5.48687
165.7420  4.79148  5.58068
168.4220  5.14003  5.65221
171.1460  5.53116  5.58172
173.9150  5.79885  5.29411
176.7270  5.85600  5.02367
179.5860  5.82367  4.89575
182.4910  5.84970  4.88424
185.4420  5.92621  4.84262
188.4420  5.99993  4.79986
191.4890  6.07296  4.75167
194.5870  6.14351  4.70403
197.7340  6.21043  4.65691
200.9320  6.27343  4.61031
204.1820  6.33055  4.56882
207.4850  6.39048  4.53259
210.8400  6.45144  4.49670
214.2510  6.51331  4.46115
217.7160  6.57708  4.42593
221.2370  6.64685  4.39076
224.8160  6.71312  4.33156
228.4520  6.76811  4.27318
232.1470  6.81281  4.21561
235.9020  6.85105  4.15882
239.7170  6.88296  4.10282
243.5950  6.90859  4.04758
247.5350  6.92987  3.99285
251.5380  6.94107  3.93076
255.6070  6.93761  3.86694
259.7410  6.91488  3.80420
263.9420  6.87014  3.74252
268.2110  6.79402  3.68188
272.5490  6.66710  3.62226
276.9570  6.44021  3.56364
281.4370  5.90484  3.50601
285.9890  5.72879  5.45668
290.6150  6.63404  5.36333
295.3150  7.06113  5.27161
300.0920  7.35788  5.17935
304.9450  7.58982  5.08578
309.8780  7.78138  4.99391
314.8900  7.94597  4.90371
319.9830  8.09094  4.81513
325.1580  8.22093  4.72817
330.4180  8.33905  4.64278
335.7620  8.44749  4.55893
341.1920  8.54811  4.47661
346.7110  8.64222  4.39577
352.3190  8.73101  4.31640
358.0170  8.81648  4.23847
363.8080  8.89996  4.16195
369.6920  8.98392  4.07856
375.6720  9.05885  3.99247
381.7480  9.12793  3.90449
387.9220  9.18989  3.81618
394.1970  9.24524  3.72987
400.5730  9.29589  3.64552
407.0520  9.34250  3.56307
413.6350  9.38549  3.48249
420.3260  9.42530  3.40373
427.1240  9.46222  3.32676
434.0320  9.49660  3.25152
441.0520  9.52867  3.17799
448.1860  9.55863  3.10613
455.4350  9.58747  3.03588
462.8020  9.61493  2.96703
470.2870  9.64069  2.89659
477.8940  9.66332  2.82783
485.6230  9.68406  2.76066
493.4780  9.70274  2.69431
501.4590  9.71934  2.62957
509.5700  9.73424  2.56637
517.8120  9.74765  2.50470
526.1870  9.75970  2.44451
534.6980  9.77058  2.38577
543.3460  9.78031  2.32843
552.1340  9.78907  2.27248
561.0650  9.79697  2.21786
570.1390  9.80409  2.16456
579.3610  9.81156  2.11254
588.7320  9.81842  2.06028
598.2540  9.82356  2.00768
607.9300  9.82689  1.95643
617.7630  9.82893  1.90648
627.7550  9.82999  1.85781
637.9080  9.83005  1.81039
648.2260  9.82925  1.76418
658.7110  9.82761  1.71914
669.3650  9.82501  1.67526
680.1910  9.82138  1.63311
691.1930  9.81721  1.59260
702.3720  9.81356  1.55468
713.7330  9.81111  1.51700
725.2770  9.80790  1.47898
737.0080  9.80407  1.44194
748.9280  9.79983  1.40582
761.0420  9.79537  1.37062
773.3510  9.79067  1.33629
785.8590  9.78607  1.30282
798.5700  9.78240  1.26985
811.4860  9.77795  1.23566
824.6110  9.77190  1.20240
837.9490  9.76529  1.17004
851.5020  9.75831  1.13850
865.2740  9.75091  1.10774
879.2690  9.74317  1.07776
893.4910  9.73602  1.04860
907.9430  9.72874  1.01903
922.6280  9.72018  0.98909
937.5510  9.71047  0.95995
952.7150  9.70003  0.93166
968.1240  9.68889  0.90420
983.7830  9.67722  0.87754
999.6950  9.66501  0.85165
1015.8600  9.65230  0.82650
1032.2900  9.63912  0.80212
1048.9900  9.62551  0.77833
1065.9600  9.61119  0.75510
1083.2000  9.59590  0.73258
1100.7200  9.57925  0.71160
1118.5200  9.56318  0.69231
1136.6100  9.54741  0.67352
1155.0000  9.53151  0.65524
1173.6800  9.51528  0.63747
1192.6600  9.49879  0.62017
1211.9500  9.48185  0.60331
1231.5500  9.46447  0.58688
1251.4700  9.44656  0.57085
1271.7200  9.42806  0.55519
1292.2900  9.40877  0.53990
1313.1900  9.38869  0.52495
1334.4300  9.36763  0.51041
1356.0100  9.34556  0.49625
1377.9400  9.32228  0.48249
1400.2300  9.29774  0.46910
1422.8800  9.27167  0.45604
1445.8900  9.24380  0.44333
1469.2800  9.21400  0.43096
1493.0400  9.18191  0.41893
1517.1900  9.14704  0.40690
1541.7300  9.10865  0.39515
1566.6700  9.06602  0.38372
1592.0100  9.01825  0.37261
1617.7600  8.96414  0.36183
1643.9200  8.90175  0.35136
1670.5100  8.82842  0.34119
1697.5300  8.73988  0.33132
1724.9900  8.62881  0.32174
1752.8900  8.48148  0.31217
1781.2400  8.26615  0.30280
1810.0500  7.88044  0.29364
1838.8000  4.51080  0.28492
1839.0000  4.51163  2.18015
1839.3200  5.38394  2.17960
1869.0700  8.00434  2.13060
1899.3000  8.45207  2.08271
1930.0200  8.72181  2.03587
1961.2400  8.91644  1.99007
1992.9600  9.06864  1.94530
2025.2000  9.19527  1.90273
2057.9500  9.30290  1.85857
2091.2400  9.39524  1.81504
2125.0600  9.47615  1.77217
2159.4300  9.54778  1.72994
2194.3600  9.61173  1.68840
2229.8500  9.66926  1.64756
2265.9200  9.72122  1.60741
2302.5700  9.76844  1.56802
2339.8100  9.81144  1.52928
2377.6600  9.85066  1.49121
2416.1100  9.88661  1.45392
2455.1900  9.91953  1.41731
2494.9000  9.94968  1.38144
2535.2600  9.97745  1.34628
2576.2600  10.00299  1.31184
2617.9300  10.02651  1.27807
2660.2700  10.04805  1.24499
2703.3000  10.06791  1.21267
2747.0300  10.08620  1.18097
2791.4600  10.10291  1.14996
2836.6100  10.11834  1.11972
2882.4900  10.13250  1.09006
2929.1100  10.14542  1.06105
2976.4800  10.15722  1.03275
3024.6300  10.16804  1.00509
3073.5500  10.17788  0.97805
3123.2600  10.18685  0.95164
3173.7800  10.19499  0.92584
3225.1100  10.20234  0.90067
3277.2700  10.20892  0.87609
3330.2800  10.21486  0.85210
3384.1500  10.22012  0.82869
3438.8800  10.22481  0.80585
3494.5000  10.22896  0.78357
3551.0200  10.23254  0.76184
3608.4600  10.23564  0.74065
3666.8200  10.23830  0.71999
3726.1300  10.24052  0.69986
3786.4000  10.24237  0.68023
3847.6400  10.24378  0.66109
3909.8700  10.24487  0.64245
3973.1100  10.24566  0.62429
4037.3800  10.24613  0.60661
4102.6800  10.24631  0.58937
4169.0300  10.24621  0.57259
4236.4600  10.24588  0.55626
4304.9800  10.24536  0.54034
4374.6200  10.24456  0.52485
4445.3700  10.24362  0.50977
4517.2700  10.24244  0.49510
4590.3300  10.24113  0.48081
4664.5800  10.23963  0.46691
4740.0300  10.23801  0.45338
4816.6900  10.23629  0.44023
4894.6000  10.23438  0.42743
4973.7700  10.23240  0.41498
5054.2100  10.23032  0.40287
5135.9600  10.22815  0.39109
5219.0300  10.22590  0.37963
5303.4400  10.22357  0.36850
5389.2200  10.22119  0.35767
5476.3900  10.21872  0.34714
5564.9700  10.21622  0.33691
5654.9800  10.21368  0.32695
5746.4400  10.21110  0.31728
5839.3900  10.20848  0.30789
5933.8300  10.20587  0.29876
6029.8100  10.20322  0.28988
6127.3300  10.20054  0.28125
6226.4400  10.19787  0.27287
6327.1500  10.19520  0.26474
6429.4800  10.19249  0.25681
6533.4800  10.18985  0.24914
6639.1500  10.18716  0.24167
6746.5400  10.18454  0.23441
6855.6500  10.18192  0.22737
6966.5400  10.17930  0.22053
7079.2200  10.17676  0.21388
7193.7200  10.17421  0.20743
7310.0700  10.17173  0.20117
7428.3100  10.16925  0.19508
7548.4500  10.16688  0.18918
7670.5400  10.16452  0.18344
7794.6100  10.16227  0.17788
7920.6800  10.16013  0.17247
8048.7900  10.15803  0.16722
8178.9800  10.15606  0.16213
8311.2600  10.15418  0.15718
8445.6900  10.15246  0.15239
8582.2900  10.15095  0.14773
8721.1100  10.14965  0.14321
8862.1600  10.14865  0.13882
9005.5000  10.14806  0.13456
9151.1600  10.14808  0.13043
9299.1700  10.14899  0.12642
9449.5800  10.15157  0.12253
9602.4200  10.15820  0.11876
9757.7300  10.18224  0.11509
9915.5500  10.16068  0.11154
10075.9000  10.13183  0.10809
10238.9000  10.12453  0.10475
10404.5000  10.11684  0.10150
10572.8000  10.11031  0.09835
10743.8000  10.10462  0.09530
10917.6000  10.09954  0.09234
11094.2000  10.09497  0.08947
11273.6000  10.09080  0.08668
11455.9000  10.08694  0.08398
11641.2000  10.08338  0.08135
11829.5000  10.08002  0.07881
12020.8000  10.07692  0.07634
12215.3000  10.07392  0.07395
12412.8000  10.07113  0.07163
12613.6000  10.06849  0.06939
12817.6000  10.06601  0.06720
13025.0000  10.06362  0.06509
13235.6000  10.06134  0.06304
13449.7000  10.05917  0.06105
13667.2000  10.05709  0.05912
13888.3000  10.05507  0.05725
14112.9000  10.05316  0.05544
14341.2000  10.05134  0.05368
14573.1000  10.04959  0.05198
14808.9000  10.04788  0.05033
15048.4000  10.04627  0.04873
15291.8000  10.04467  0.04717
15539.1000  10.04317  0.04567
15790.4000  10.04172  0.04421
16045.8000  10.04033  0.04280
16305.4000  10.03894  0.04142
16569.1000  10.03765  0.04010
16837.1000  10.03636  0.03881
17109.4000  10.03518  0.03756
17386.1000  10.03400  0.03635
17667.4000  10.03282  0.03518
17953.1000  10.03175  0.03404
18243.5000  10.03067  0.03294
18538.6000  10.02965  0.03187
18838.4000  10.02862  0.03084
19143.1000  10.02765  0.02983
19452.7000  10.02674  0.02886
19767.4000  10.02583  0.02792
20087.1000  10.02491  0.02701
20412.0000  10.02406  0.02612
20742.1000  10.02324  0.02527
21077.6000  10.02243  0.02444
21418.5000  10.02163  0.02363
21765.0000  10.02088  0.02286
22117.0000  10.02017  0.02211
22474.7000  10.01947  0.02138
22838.2000  10.01877  0.02067
23207.6000  10.01807  0.01999
23583.0000  10.01742  0.01933
23964.4000  10.01683  0.01869
24352.0000  10.01618  0.01808
24745.9000  10.01559  0.01748
25146.2000  10.01505  0.01690
25552.9000  10.01450  0.01634
25966.2000  10.01397  0.01580
26386.1000  10.01342  0.01527
26812.9000  10.01294  0.01476
27246.6000  10.01245  0.01427
27687.3000  10.01197  0.01380
28135.1000  10.01153  0.01334
28590.2000  10.01110  0.01289
29052.6000  10.01066  0.01246
29522.5000  10.01043  0.01205
30000.0000  10.00985  0.01164
