SiO2
20.02
2.65
E     f1    f2
29.3000  2.13924  3.21103
29.7739  2.18643  3.22616
30.2555  2.23417  3.24136
30.7449  2.28255  3.25663
31.2421  2.33137  3.27197
31.7475  2.38100  3.28765
32.2609  2.43181  3.30407
32.7827  2.48426  3.32057
33.3130  2.53841  3.33716
33.8518  2.59459  3.35384
34.3993  2.65326  3.37060
34.9557  2.71527  3.38746
35.5211  2.78273  3.40439
36.0956  2.85983  3.42142
36.6794  2.94791  3.41210
37.2727  3.01822  3.39568
37.8755  3.08211  3.37937
38.4882  3.14215  3.36317
39.1107  3.19958  3.34708
39.7432  3.25516  3.33074
40.3861  3.30884  3.31390
41.0393  3.36056  3.29716
41.7031  3.41096  3.28051
42.3776  3.46026  3.26397
43.0630  3.50866  3.24751
43.7595  3.55635  3.23115
44.4673  3.60355  3.21489
45.1865  3.65050  3.19871
45.9174  3.69753  3.18263
46.6600  3.74501  3.16645
47.4147  3.79353  3.15026
48.1816  3.84487  3.13417
48.9609  3.90325  3.11200
49.7528  3.95537  3.07629
50.5576  3.99922  3.04100
51.3753  4.03873  3.00615
52.2062  4.07477  2.97173
53.0506  4.10795  2.93801
53.9087  4.13895  2.90537
54.7806  4.16815  2.87317
55.6667  4.19550  2.84137
56.5670  4.22107  2.80999
57.4820  4.24488  2.77901
58.4117  4.26676  2.74844
59.3564  4.28619  2.71825
60.3165  4.30433  2.69068
61.2921  4.32208  2.66384
62.2834  4.33913  2.63746
63.2908  4.35544  2.61154
64.3145  4.37114  2.58608
65.3547  4.38725  2.56087
66.4118  4.40169  2.53335
67.4859  4.41418  2.50620
68.5775  4.42542  2.47940
69.6867  4.43602  2.45296
70.8138  4.44644  2.42456
71.9591  4.45322  2.39356
73.1230  4.45658  2.36297
74.3057  4.45815  2.33280
75.5076  4.45826  2.30015
76.7289  4.45231  2.26587
77.9699  4.43987  2.23237
79.2310  4.42227  2.19974
80.5125  4.40000  2.17387
81.8147  4.37653  2.14829
83.1380  4.34946  2.12302
84.4827  4.31585  2.09826
85.8491  4.27744  2.07730
87.2377  4.23532  2.05664
88.6487  4.18604  2.03629
90.0825  4.12758  2.01625
91.5395  4.05671  1.99698
93.0201  3.96976  1.97901
94.5246  3.85937  1.96140
96.0535  3.70861  1.94415
97.6071  3.47318  1.92725
99.1858  2.90632  1.90737
99.7000  2.04460  1.89834
99.9000  2.08799  3.25864
100.7900  3.28836  3.16084
102.4200  3.66930  2.99503
104.0770  3.62659  2.86634
105.7600  3.55138  2.96678
107.4710  3.54908  3.11346
109.2090  3.56059  3.21389
110.9750  3.57658  3.33802
112.7700  3.60827  3.46479
114.5940  3.60338  3.58765
116.4480  3.64876  3.82170
118.3310  3.82105  4.02352
120.2450  4.01941  4.11771
122.1900  4.17663  4.20191
124.1660  4.33418  4.24033
126.1750  4.45836  4.27721
128.2150  4.56999  4.33424
130.2890  4.70483  4.41976
132.3970  4.93641  4.48456
134.5380  5.19817  4.41089
136.7140  5.28263  4.24029
138.9250  5.29155  4.19551
141.1720  5.30903  4.21134
143.4560  5.36311  4.21083
145.7760  5.42083  4.27897
148.1340  5.53083  4.31722
150.5300  5.60250  4.31937
152.9640  5.73080  4.40436
155.4390  5.84071  4.24542
157.9530  5.81706  4.30277
160.5070  5.87490  4.39117
163.1030  6.02456  4.50767
165.7420  6.20235  4.55559
168.4220  6.44342  4.58892
171.1460  6.71336  4.52791
173.9150  6.90179  4.32253
176.7270  6.95100  4.12883
179.5860  6.94265  4.03027
182.4910  6.97797  4.00631
185.4420  7.04215  3.95558
188.4420  7.10148  3.90559
191.4890  7.15921  3.85264
194.5870  7.21454  3.80066
197.7340  7.26697  3.74963
200.9320  7.31654  3.69952
204.1820  7.36211  3.65337
207.4850  7.40963  3.61127
210.8400  7.45805  3.56993
214.2510  7.50746  3.52933
217.7160  7.55868  3.48945
221.2370  7.61466  3.45001
224.8160  7.66908  3.39492
228.4520  7.71695  3.34083
232.1470  7.75918  3.28773
235.9020  7.79862  3.23560
239.7170  7.83416  3.18512
243.5950  7.86945  3.13806
247.5350  7.90669  3.09175
251.5380  7.94283  3.04137
255.6070  7.97632  2.99002
259.7410  8.00604  2.93956
263.9420  8.03382  2.88997
268.2110  8.05986  2.84124
272.5490  8.08434  2.79335
276.9570  8.10746  2.74618
281.4370  8.12923  2.69969
285.9890  8.14973  2.65393
290.6150  8.16912  2.60895
295.3150  8.18837  2.56476
300.0920  8.20669  2.51993
304.9450  8.22318  2.47395
309.8780  8.23727  2.42882
314.8900  8.24966  2.38453
319.9830  8.26057  2.34105
325.1580  8.27013  2.29839
330.4180  8.27842  2.25651
335.7620  8.28548  2.21541
341.1920  8.29148  2.17507
346.7110  8.29645  2.13548
352.3190  8.30053  2.09661
358.0170  8.30444  2.05847
363.8080  8.30855  2.02104
369.6920  8.31396  1.97878
375.6720  8.31325  1.93451
381.7480  8.30876  1.89124
387.9220  8.30128  1.84887
394.1970  8.29094  1.80731
400.5730  8.27771  1.76667
407.0520  8.26168  1.72694
413.6350  8.24265  1.68809
420.3260  8.22051  1.65012
427.1240  8.19497  1.61302
434.0320  8.16577  1.57674
441.0520  8.13242  1.54128
448.1860  8.09435  1.50662
455.4350  8.05130  1.47275
462.8020  8.00201  1.43952
470.2870  7.94476  1.40495
477.8940  7.87659  1.37120
485.6230  7.79539  1.33827
493.4780  7.69725  1.30613
501.4590  7.57596  1.27477
509.5700  7.42081  1.24415
517.8120  7.21133  1.21427
526.1870  6.90070  1.18511
534.6980  6.33538  1.15665
543.3460  3.28473  3.91793
552.1340  6.56224  3.82626
561.0650  7.22145  3.73672
570.1390  7.62073  3.64955
579.3610  7.91011  3.56615
588.7320  8.13797  3.48415
598.2540  8.32537  3.40324
607.9300  8.48388  3.32418
617.7630  8.62122  3.24694
627.7550  8.74248  3.17129
637.9080  8.85164  3.09509
648.2260  8.94864  3.01736
658.7110  9.03198  2.93941
669.3650  9.10310  2.86348
680.1910  9.16348  2.79536
691.1930  9.22069  2.73329
702.3720  9.27787  2.67447
713.7330  9.33370  2.61352
725.2770  9.38332  2.55111
737.0080  9.42832  2.49032
748.9280  9.46979  2.43092
761.0420  9.50825  2.37288
773.3510  9.54456  2.31578
785.8590  9.57866  2.25856
798.5700  9.60955  2.20130
811.4860  9.63678  2.14413
824.6110  9.66020  2.08844
837.9490  9.68062  2.03420
851.5020  9.69803  1.98256
865.2740  9.71360  1.93351
879.2690  9.72888  1.88678
893.4910  9.74418  1.84119
907.9430  9.75903  1.79591
922.6280  9.77287  1.75094
937.5510  9.78561  1.70460
952.7150  9.79593  1.65887
968.1240  9.80390  1.61384
983.7830  9.81002  1.57003
999.6950  9.81450  1.52746
1015.8600  9.81759  1.48610
1032.2900  9.81964  1.44640
1048.9900  9.82103  1.40739
1065.9600  9.82100  1.36903
1083.2000  9.81951  1.33171
1100.7200  9.81641  1.29599
1118.5200  9.81305  1.26196
1136.6100  9.80932  1.22882
1155.0000  9.80497  1.19654
1173.6800  9.79991  1.16511
1192.6600  9.79421  1.13449
1211.9500  9.78780  1.10466
1231.5500  9.78074  1.07560
1251.4700  9.77305  1.04715
1271.7200  9.76463  1.01928
1292.2900  9.75519  0.99193
1313.1900  9.74479  0.96527
1334.4300  9.73339  0.93932
1356.0100  9.72101  0.91406
1377.9400  9.70754  0.88949
1400.2300  9.69300  0.86556
1422.8800  9.67720  0.84223
1445.8900  9.66001  0.81954
1469.2800  9.64145  0.79741
1493.0400  9.62120  0.77577
1517.1900  9.59890  0.75418
1541.7300  9.57387  0.73311
1566.6700  9.54577  0.71264
1592.0100  9.51405  0.69271
1617.7600  9.47792  0.67334
1643.9200  9.43612  0.65452
1670.5100  9.38691  0.63622
1697.5300  9.32744  0.61842
1724.9900  9.25290  0.60112
1752.8900  9.15414  0.58400
1781.2400  9.00990  0.56727
1810.0500  8.75205  0.55093
1838.8000  6.50679  0.53535
1839.0000  6.50734  1.79750
1839.3200  7.08829  1.79703
1869.0700  8.83227  1.75473
1899.3000  9.12918  1.71343
1930.0200  9.30747  1.67309
1961.2400  9.43566  1.63370
1992.9600  9.53552  1.59525
2025.2000  9.61836  1.55861
2057.9500  9.68857  1.52097
2091.2400  9.74850  1.48396
2125.0600  9.80076  1.44760
2159.4300  9.84678  1.41188
2194.3600  9.88765  1.37682
2229.8500  9.92421  1.34243
2265.9200  9.95704  1.30868
2302.5700  9.98668  1.27563
2339.8100  10.01348  1.24319
2377.6600  10.03774  1.21137
2416.1100  10.05982  1.18026
2455.1900  10.07986  1.14975
2494.9000  10.09804  1.11991
2535.2600  10.11463  1.09070
2576.2600  10.12973  1.06213
2617.9300  10.14347  1.03416
2660.2700  10.15590  1.00679
2703.3000  10.16721  0.98008
2747.0300  10.17747  0.95392
2791.4600  10.18668  0.92835
2836.6100  10.19505  0.90343
2882.4900  10.20257  0.87903
2929.1100  10.20928  0.85518
2976.4800  10.21525  0.83193
3024.6300  10.22057  0.80923
3073.5500  10.22526  0.78705
3123.2600  10.22937  0.76541
3173.7800  10.23293  0.74429
3225.1100  10.23600  0.72369
3277.2700  10.23855  0.70359
3330.2800  10.24071  0.68398
3384.1500  10.24242  0.66486
3438.8800  10.24376  0.64622
3494.5000  10.24477  0.62805
3551.0200  10.24540  0.61032
3608.4600  10.24574  0.59305
3666.8200  10.24580  0.57621
3726.1300  10.24558  0.55981
3786.4000  10.24513  0.54383
3847.6400  10.24441  0.52825
3909.8700  10.24348  0.51309
3973.1100  10.24238  0.49832
4037.3800  10.24107  0.48392
4102.6800  10.23957  0.46992
4169.0300  10.23791  0.45629
4236.4600  10.23611  0.44304
4304.9800  10.23420  0.43014
4374.6200  10.23213  0.41758
4445.3700  10.22999  0.40538
4517.2700  10.22771  0.39351
4590.3300  10.22536  0.38196
4664.5800  10.22290  0.37073
4740.0300  10.22039  0.35981
4816.6900  10.21783  0.34919
4894.6000  10.21518  0.33887
4973.7700  10.21248  0.32884
5054.2100  10.20976  0.31909
5135.9600  10.20699  0.30960
5219.0300  10.20420  0.30038
5303.4400  10.20136  0.29144
5389.2200  10.19852  0.28273
5476.3900  10.19565  0.27428
5564.9700  10.19277  0.26607
5654.9800  10.18989  0.25808
5746.4400  10.18700  0.25033
5839.3900  10.18411  0.24280
5933.8300  10.18125  0.23549
6029.8100  10.17838  0.22838
6127.3300  10.17551  0.22149
6226.4400  10.17266  0.21479
6327.1500  10.16985  0.20828
6429.4800  10.16702  0.20195
6533.4800  10.16425  0.19583
6639.1500  10.16148  0.18987
6746.5400  10.15877  0.18408
6855.6500  10.15608  0.17847
6966.5400  10.15342  0.17302
7079.2200  10.15082  0.16773
7193.7200  10.14824  0.16259
7310.0700  10.14571  0.15761
7428.3100  10.14321  0.15277
7548.4500  10.14081  0.14808
7670.5400  10.13842  0.14352
7794.6100  10.13612  0.13910
7920.6800  10.13391  0.13481
8048.7900  10.13176  0.13065
8178.9800  10.12969  0.12661
8311.2600  10.12771  0.12269
8445.6900  10.12585  0.11889
8582.2900  10.12415  0.11520
8721.1100  10.12259  0.11163
8862.1600  10.12126  0.10816
9005.5000  10.12021  0.10479
9151.1600  10.11958  0.10153
9299.1700  10.11957  0.09836
9449.5800  10.12067  0.09529
9602.4200  10.12449  0.09231
9757.7300  10.13992  0.08942
9915.5500  10.12499  0.08662
10075.9000  10.10521  0.08390
10238.9000  10.09981  0.08127
10404.5000  10.09416  0.07871
10572.8000  10.08928  0.07623
10743.8000  10.08499  0.07383
10917.6000  10.08111  0.07150
11094.2000  10.07758  0.06925
11273.6000  10.07433  0.06706
11455.9000  10.07129  0.06494
11641.2000  10.06848  0.06288
11829.5000  10.06580  0.06089
12020.8000  10.06330  0.05895
12215.3000  10.06089  0.05708
12412.8000  10.05862  0.05526
12613.6000  10.05646  0.05350
12817.6000  10.05441  0.05180
13025.0000  10.05245  0.05014
13235.6000  10.05056  0.04854
13449.7000  10.04874  0.04699
13667.2000  10.04701  0.04548
13888.3000  10.04532  0.04402
14112.9000  10.04371  0.04261
14341.2000  10.04217  0.04124
14573.1000  10.04068  0.03991
14808.9000  10.03923  0.03863
15048.4000  10.03786  0.03738
15291.8000  10.03649  0.03617
15539.1000  10.03520  0.03500
15790.4000  10.03396  0.03387
16045.8000  10.03276  0.03277
16305.4000  10.03156  0.03171
16569.1000  10.03044  0.03068
16837.1000  10.02933  0.02968
17109.4000  10.02830  0.02871
17386.1000  10.02726  0.02778
17667.4000  10.02624  0.02687
17953.1000  10.02530  0.02599
18243.5000  10.02436  0.02514
18538.6000  10.02346  0.02432
18838.4000  10.02257  0.02352
19143.1000  10.02171  0.02274
19452.7000  10.02090  0.02199
19767.4000  10.02009  0.02127
20087.1000  10.01929  0.02057
20412.0000  10.01853  0.01989
20742.1000  10.01781  0.01923
21077.6000  10.01710  0.01859
21418.5000  10.01640  0.01798
21765.0000  10.01572  0.01738
22117.0000  10.01510  0.01680
22474.7000  10.01447  0.01625
22838.2000  10.01385  0.01571
23207.6000  10.01323  0.01519
23583.0000  10.01266  0.01468
23964.4000  10.01212  0.01419
24352.0000  10.01155  0.01372
24745.9000  10.01102  0.01326
25146.2000  10.01053  0.01282
25552.9000  10.01005  0.01239
25966.2000  10.00956  0.01198
26386.1000  10.00908  0.01158
26812.9000  10.00864  0.01119
27246.6000  10.00821  0.01082
27687.3000  10.00777  0.01045
28135.1000  10.00737  0.01010
28590.2000  10.00698  0.00976
29052.6000  10.00659  0.00944
29522.5000  10.00634  0.00912
30000.0000  10.00585  0.00881
