Ta2O5
63.17
8.35
E     f1    f2
10.0000  -9999.00000  1.39938
10.1617  -9999.00000  1.43511
10.3261  -9999.00000  1.46934
10.4931  -9999.00000  1.50479
10.6628  -9999.00000  1.54117
10.8353  -9999.00000  1.57887
11.0106  -9999.00000  1.61793
11.1886  -9999.00000  1.65840
11.3696  -9999.00000  1.70034
11.5535  -9999.00000  1.74268
11.7404  -9999.00000  1.78431
11.9303  -9999.00000  1.82837
12.1232  -9999.00000  1.87434
12.3193  -9999.00000  1.92180
12.5186  -9999.00000  1.97081
12.7210  -9999.00000  2.01224
12.9268  -9999.00000  2.05301
13.1359  -9999.00000  2.09482
13.3483  -9999.00000  2.13767
13.5642  -9999.00000  2.18536
13.7836  -9999.00000  2.23764
14.0066  -9999.00000  2.27870
14.2331  -9999.00000  2.31081
14.4633  -9999.00000  2.34338
14.6973  -9999.00000  2.37891
14.9350  -9999.00000  2.42527
15.1765  -9999.00000  2.47216
15.4220  -9999.00000  2.51852
15.6714  -9999.00000  2.59353
15.9249  -9999.00000  2.68995
16.1825  -9999.00000  2.79448
16.4442  -9999.00000  2.90336
16.7102  -9999.00000  2.99912
16.9805  -9999.00000  3.10551
17.2551  -9999.00000  3.22366
17.5342  -9999.00000  3.35481
17.8178  -9999.00000  3.49128
18.1060  -9999.00000  3.65215
18.3989  -9999.00000  3.83446
18.6964  -9999.00000  4.04068
18.9988  -9999.00000  4.21067
19.3061  -9999.00000  4.30639
19.6184  -9999.00000  4.40787
19.9357  -9999.00000  4.47734
20.2582  -9999.00000  4.49755
20.5858  -9999.00000  4.51865
20.9188  -9999.00000  4.54062
21.2571  -9999.00000  4.56349
21.6009  -9999.00000  4.58333
21.9503  -9999.00000  4.59431
22.3053  -9999.00000  4.60584
22.6661  -9999.00000  4.61434
23.0327  -9999.00000  4.61599
23.4053  -9999.00000  4.61852
23.7838  -9999.00000  4.62195
24.1685  -9999.00000  4.61842
24.5594  -9999.00000  4.60941
24.9566  -9999.00000  4.60285
25.3603  -9999.00000  4.59670
25.7705  -9999.00000  4.59092
26.1873  -9999.00000  4.58552
26.6109  -9999.00000  4.58049
27.0413  -9999.00000  4.57679
27.4786  -9999.00000  4.58041
27.9231  -9999.00000  4.58423
28.3747  -9999.00000  4.58821
28.8337  -9999.00000  4.59205
29.3000  1.48761  4.59461
29.7739  1.46166  4.59738
30.2555  1.42482  4.63880
30.7449  1.39365  4.68308
31.2421  1.34957  4.72806
31.7475  1.28786  4.82030
32.2609  1.25546  4.93590
32.7827  1.23781  5.05845
33.3130  1.23071  5.18845
33.8518  1.23298  5.32639
34.3993  1.24447  5.47308
34.9557  1.26763  5.63078
35.5211  1.30629  5.79848
36.0956  1.36633  5.97689
36.6794  1.45178  6.13844
37.2727  1.54083  6.30455
37.8755  1.66301  6.45900
38.4882  1.77019  6.59865
39.1107  1.87770  6.74679
39.7432  1.99677  6.90388
40.3861  2.13797  7.07038
41.0393  2.30430  7.21268
41.7031  2.46432  7.34812
42.3776  2.63223  7.48982
43.0630  2.81864  7.63802
43.7595  3.04503  7.78424
44.4673  3.27684  7.87518
45.1865  3.50225  7.96885
45.9174  3.73938  8.06534
46.6600  4.01590  8.14116
47.4147  4.27551  8.17163
48.1816  4.52839  8.20265
48.9609  4.79112  8.22767
49.7528  5.06241  8.23864
50.5576  5.36514  8.25058
51.3753  5.67486  8.16555
52.2062  5.93641  8.06598
53.0506  6.18221  7.96768
53.9087  6.43737  7.87053
54.7806  6.69515  7.70407
55.6667  6.89243  7.51673
56.5670  7.05541  7.33468
57.4820  7.19369  7.15770
58.4117  7.30943  6.98565
59.3564  7.40974  6.83003
60.3165  7.50245  6.67937
61.2921  7.58658  6.53249
62.2834  7.66163  6.38926
63.2908  7.72806  6.24964
64.3145  7.78617  6.11346
65.3547  7.83627  5.98067
66.4118  7.87841  5.85118
67.4859  7.91244  5.72490
68.5775  7.93779  5.60173
69.6867  7.95257  5.48156
70.8138  7.94992  5.36597
71.9591  7.94545  5.28211
73.1230  7.94661  5.19964
74.3057  7.94648  5.12048
75.5076  7.94670  5.04521
76.7289  7.94457  4.97108
77.9699  7.93593  4.89806
79.2310  7.91051  4.82615
80.5125  7.88561  4.79184
81.8147  7.87545  4.75995
83.1380  7.87128  4.72839
84.4827  7.87005  4.69713
85.8491  7.87022  4.66620
87.2377  7.87054  4.63556
88.6487  7.86905  4.60605
90.0825  7.86843  4.58069
91.5395  7.86859  4.55562
93.0201  7.86828  4.53082
94.5246  7.86647  4.50629
96.0535  7.86210  4.48205
97.6071  7.85218  4.45807
99.1858  7.82541  4.44643
100.7900  7.81155  4.44840
102.4200  7.80546  4.45155
104.0770  7.80128  4.45587
105.7600  7.79858  4.46135
107.4710  7.79678  4.46800
109.2090  7.79524  4.47580
110.9750  7.79298  4.48476
112.7700  7.78662  4.49487
114.5940  7.77816  4.51732
116.4480  7.77764  4.54597
118.3310  7.78215  4.57635
120.2450  7.79054  4.60840
122.1900  7.80287  4.64219
124.1660  7.81986  4.67772
126.1750  7.84585  4.71128
128.2150  7.86912  4.73704
130.2890  7.89070  4.76410
132.3970  7.91201  4.79249
134.5380  7.93323  4.82221
136.7140  7.95577  4.85480
138.9250  7.98071  4.88866
141.1720  8.01027  4.92326
143.4560  8.03911  4.95227
145.7760  8.06470  4.98236
148.1340  8.08922  5.01698
150.5300  8.11625  5.05433
152.9640  8.14513  5.09289
155.4390  8.17567  5.13273
157.9530  8.20791  5.17376
160.5070  8.24215  5.21609
163.1030  8.27944  5.25965
165.7420  8.32281  5.29898
168.4220  8.36013  5.33299
171.1460  8.38770  5.37291
173.9150  8.41756  5.42090
176.7270  8.45375  5.47898
179.5860  8.49807  5.53898
182.4910  8.55295  5.59717
185.4420  8.60793  5.64942
188.4420  8.66531  5.70375
191.4890  8.73148  5.75789
194.5870  8.79785  5.80214
197.7340  8.86440  5.84435
200.9320  8.92814  5.88499
204.1820  8.99168  5.92709
207.4850  9.05695  5.97073
210.8400  9.12789  6.01594
214.2510  9.20005  6.05107
217.7160  9.27047  6.08501
221.2370  9.33766  6.11821
224.8160  9.40366  6.15236
228.4520  9.46919  6.18767
232.1470  9.53479  6.22405
235.9020  9.60086  6.26161
239.7170  9.66600  6.30090
243.5950  9.73373  6.34381
247.5350  9.80491  6.38744
251.5380  9.87863  6.43200
255.6070  9.95545  6.47750
259.7410  10.03602  6.52388
263.9420  10.12122  6.57102
268.2110  10.21238  6.61890
272.5490  10.31367  6.66767
276.9570  10.43634  6.70114
281.4370  10.55204  6.71472
285.9890  10.65604  6.71554
290.6150  10.75117  6.71482
295.3150  10.83958  6.71435
300.0920  10.92400  6.71421
304.9450  11.00526  6.71433
309.8780  11.08382  6.71462
314.8900  11.15999  6.71516
319.9830  11.23406  6.71589
325.1580  11.30608  6.71681
330.4180  11.37620  6.71808
335.7620  11.44454  6.71955
341.1920  11.51102  6.72114
346.7110  11.57550  6.72297
352.3190  11.63791  6.72505
358.0170  11.69827  6.72746
363.8080  11.75618  6.72996
369.6920  11.81129  6.73258
375.6720  11.86256  6.73525
381.7480  11.90888  6.73844
387.9220  11.94820  6.74272
394.1970  11.96891  6.74909
400.5730  11.98478  6.78997
407.0520  12.02040  6.84522
413.6350  12.06838  6.90160
420.3260  12.12485  6.95834
427.1240  12.18850  7.01577
434.0320  12.26013  7.07418
441.0520  12.34105  7.13330
448.1860  12.45596  7.18561
455.4350  12.56831  7.20038
462.8020  12.66759  7.18830
470.2870  12.74096  7.16190
477.8940  12.78881  7.13591
485.6230  12.81698  7.10999
493.4780  12.82288  7.08414
501.4590  12.80061  7.05826
509.5700  12.73972  7.03269
517.8120  12.62083  7.00603
526.1870  12.39150  6.97474
534.6980  11.88161  6.93431
543.3460  8.69085  9.87517
552.1340  12.22676  9.76194
561.0650  12.94825  9.78199
570.1390  13.53666  9.85024
579.3610  14.05065  9.78756
588.7320  14.48480  9.68650
598.2540  14.83980  9.56177
607.9300  15.14511  9.43897
617.7630  15.41784  9.31801
627.7550  15.66799  9.19836
637.9080  15.90112  9.07444
648.2260  16.11587  8.94354
658.7110  16.30632  8.80907
669.3650  16.47387  8.67695
680.1910  16.62193  8.56317
691.1930  16.77013  8.46327
702.3720  16.92929  8.36641
713.7330  17.08947  8.25383
725.2770  17.23279  8.13135
737.0080  17.36413  8.01102
748.9280  17.48729  7.89259
761.0420  17.60397  7.77602
773.3510  17.71618  7.66013
785.8590  17.82331  7.54228
798.5700  17.92163  7.42330
811.4860  18.01272  7.30632
824.6110  18.09774  7.19139
837.9490  18.17775  7.07853
851.5020  18.25265  6.96764
865.2740  18.32342  6.85865
879.2690  18.39045  6.75151
893.4910  18.45410  6.64611
907.9430  18.51515  6.54247
922.6280  18.57580  6.44057
937.5510  18.63328  6.33227
952.7150  18.68467  6.22385
968.1240  18.72923  6.11561
983.7830  18.76850  6.00935
999.6950  18.80342  5.90474
1015.8600  18.83508  5.80181
1032.2900  18.86236  5.69801
1048.9900  18.88507  5.59471
1065.9600  18.90162  5.49181
1083.2000  18.91270  5.39086
1100.7200  18.91874  5.29179
1118.5200  18.91993  5.19460
1136.6100  18.91638  5.09925
1155.0000  18.90809  5.00567
1173.6800  18.89502  4.91387
1192.6600  18.87710  4.82367
1211.9500  18.85422  4.73523
1231.5500  18.82685  4.64849
1251.4700  18.79461  4.56156
1271.7200  18.75642  4.47444
1292.2900  18.70946  4.38670
1313.1900  18.65359  4.30064
1334.4300  18.58882  4.21629
1356.0100  18.51457  4.13367
1377.9400  18.42999  4.05262
1400.2300  18.33390  3.97320
1422.8800  18.22499  3.89538
1445.8900  18.10131  3.81897
1469.2800  17.96057  3.74388
1493.0400  17.79973  3.67002
1517.1900  17.61376  3.59610
1541.7300  17.39631  3.52349
1566.6700  17.13943  3.45242
1592.0100  16.83108  3.38276
1617.7600  16.45197  3.31452
1643.9200  15.96900  3.24766
1670.5100  15.31746  3.18220
1697.5300  14.33719  3.11802
1724.9900  12.28376  3.05504
1735.0000  7.17702  3.03265
1735.2000  7.15071  6.13291
1752.8900  11.39651  7.06114
1781.2400  11.72004  8.85821
1810.0500  13.50814  11.15401
1839.3200  15.62748  11.38055
1869.0700  16.84056  11.11688
1899.3000  17.68742  10.85931
1930.0200  18.34145  10.60746
1961.2400  18.86808  10.36145
1992.9600  19.29902  10.12111
2025.2000  19.65440  9.88863
2057.9500  19.94216  9.65916
2091.2400  20.16020  9.43497
2125.0600  20.29231  9.21580
2159.4300  20.26856  9.00193
2193.9000  17.90289  8.79573
2194.1000  17.90496  10.21506
2194.3600  18.48830  10.21313
2229.8500  20.81963  9.95856
2265.9200  21.33966  9.71043
2302.5700  21.69771  9.46828
2339.8100  21.97106  9.23235
2377.6600  22.18003  9.00252
2416.1100  22.31831  8.77818
2455.1900  22.28576  8.55956
2468.6000  21.48234  8.48662
2468.8000  21.48335  9.04273
2494.9000  22.59032  8.89825
2535.2600  22.91531  8.68230
2576.2600  23.13564  8.47143
2617.9300  23.30197  8.26576
2660.2700  23.41490  8.06546
2703.3000  23.32667  7.86984
2707.9000  22.99097  7.84940
2708.1000  22.99358  8.15610
2747.0300  23.67850  8.00027
2791.4600  23.88191  7.82864
2836.6100  24.04596  7.65961
2882.4900  24.18951  7.49287
2929.1100  24.31852  7.32880
2976.4800  24.43622  7.16750
3024.6300  24.54411  7.00859
3073.5500  24.64353  6.85263
3123.2600  24.73541  6.69922
3173.7800  24.82035  6.54855
3225.1100  24.89893  6.40057
3277.2700  24.97166  6.25536
3330.2800  25.03891  6.11277
3384.1500  25.10118  5.97314
3438.8800  25.15877  5.83598
3494.5000  25.21186  5.70158
3551.0200  25.26092  5.56989
3608.4600  25.30611  5.44069
3666.8200  25.34752  5.31411
3726.1300  25.38557  5.19022
3786.4000  25.42023  5.06867
3847.6400  25.45180  4.94991
3909.8700  25.48057  4.83354
3973.1100  25.50657  4.71961
4037.3800  25.52995  4.60808
4102.6800  25.55084  4.49897
4169.0300  25.56939  4.39220
4236.4600  25.58571  4.28775
4304.9800  25.59994  4.18556
4374.6200  25.61215  4.08561
4445.3700  25.62245  3.98784
4517.2700  25.63089  3.89223
4590.3300  25.63764  3.79883
4664.5800  25.64275  3.70742
4740.0300  25.64623  3.61808
4816.6900  25.64819  3.53077
4894.6000  25.64871  3.44539
4973.7700  25.64785  3.36197
5054.2100  25.64563  3.28041
5135.9600  25.64210  3.20075
5219.0300  25.63734  3.12288
5303.4400  25.63136  3.04686
5389.2200  25.62420  2.97251
5476.3900  25.61591  2.89995
5564.9700  25.60656  2.82906
5654.9800  25.59607  2.75974
5746.4400  25.58450  2.69212
5839.3900  25.57187  2.62607
5933.8300  25.55821  2.56155
6029.8100  25.54349  2.49855
6127.3300  25.52773  2.43701
6226.4400  25.51090  2.37697
6327.1500  25.49304  2.31836
6429.4800  25.47410  2.26113
6533.4800  25.45403  2.20523
6639.1500  25.43280  2.15069
6746.5400  25.41042  2.09745
6855.6500  25.38676  2.04543
6966.5400  25.36175  1.99475
7079.2200  25.33539  1.94526
7193.7200  25.30751  1.89691
7310.0700  25.27800  1.84979
7428.3100  25.24677  1.80378
7548.4500  25.21357  1.75886
7670.5400  25.17823  1.71508
7794.6100  25.14050  1.67232
7920.6800  25.10004  1.63060
8048.7900  25.05647  1.58991
8178.9800  25.00933  1.55023
8311.2600  24.95802  1.51151
8445.6900  24.90175  1.47374
8582.2900  24.83935  1.43678
8721.1100  24.76943  1.40084
8862.1600  24.69000  1.36573
9005.5000  24.59795  1.33148
9151.1600  24.48853  1.29808
9299.1700  24.35370  1.26551
9449.5800  24.17769  1.23369
9602.4200  23.92301  1.20268
9757.7300  23.45562  1.17243
9881.0000  19.31553  1.14929
9881.2000  19.31590  2.99578
9915.5500  22.73815  2.97664
10075.9000  23.75954  2.88989
10238.9000  24.09321  2.80564
10404.5000  24.27129  2.72385
10572.8000  24.36432  2.64445
10743.8000  24.38612  2.56737
10917.6000  24.31161  2.49252
11094.2000  23.88970  2.41987
11136.0000  22.04946  2.40313
11136.2000  22.04986  3.37492
11273.6000  24.32765  3.29778
11455.9000  24.60097  3.19954
11641.2000  24.59760  3.10423
11681.4000  23.90081  3.08413
11681.6000  23.90095  3.46648
11829.5000  24.90375  3.40589
12020.8000  25.13029  3.33017
12215.3000  25.29339  3.25546
12412.8000  25.42590  3.18176
12613.6000  25.53860  3.10913
12817.6000  25.63681  3.03760
13025.0000  25.72371  2.96717
13235.6000  25.80136  2.89783
13449.7000  25.87123  2.82967
13667.2000  25.93449  2.76264
13888.3000  25.99192  2.69677
14112.9000  26.04424  2.63207
14341.2000  26.09201  2.56854
14573.1000  26.13566  2.50619
14808.9000  26.17560  2.44500
15048.4000  26.21218  2.38499
15291.8000  26.24568  2.32615
15539.1000  26.27633  2.26848
15790.4000  26.30441  2.21196
16045.8000  26.33008  2.15661
16305.4000  26.35349  2.10239
16569.1000  26.37489  2.04931
16837.1000  26.39434  1.99736
17109.4000  26.41201  1.94652
17386.1000  26.42802  1.89678
17667.4000  26.44250  1.84814
17953.1000  26.45550  1.80057
18243.5000  26.46719  1.75407
18538.6000  26.47757  1.70862
18838.4000  26.48679  1.66420
19143.1000  26.49490  1.62080
19452.7000  26.50198  1.57841
19767.4000  26.50807  1.53701
20087.1000  26.51326  1.49658
20412.0000  26.51759  1.45711
20742.1000  26.52113  1.41858
21077.6000  26.52391  1.38097
21418.5000  26.52597  1.34427
21765.0000  26.52738  1.30847
22117.0000  26.52820  1.27354
22474.7000  26.52843  1.23946
22838.2000  26.52808  1.20624
23207.6000  26.52725  1.17383
23583.0000  26.52595  1.14223
23964.4000  26.52419  1.11143
24352.0000  26.52201  1.08140
24745.9000  26.51946  1.05214
25146.2000  26.51652  1.02361
25552.9000  26.51327  0.99582
25966.2000  26.50967  0.96873
26386.1000  26.50577  0.94235
26812.9000  26.50162  0.91665
27246.6000  26.49718  0.89161
27687.3000  26.49251  0.86722
28135.1000  26.48763  0.84347
28590.2000  26.48258  0.82034
29052.6000  26.47744  0.79783
29522.5000  26.47420  0.77590
30000.0000  26.45960  0.75455
