TiB2
23.15
4.45
E     f1    f2
10.0000  -9999.00000  1.78744
10.1617  -9999.00000  1.77878
10.3261  -9999.00000  1.77016
10.4931  -9999.00000  1.76159
10.6628  -9999.00000  1.75306
10.8353  -9999.00000  1.74458
11.0106  -9999.00000  1.73614
11.1886  -9999.00000  1.72890
11.3696  -9999.00000  1.72317
11.5535  -9999.00000  1.71746
11.7404  -9999.00000  1.71179
11.9303  -9999.00000  1.70616
12.1232  -9999.00000  1.70055
12.3193  -9999.00000  1.69498
12.5186  -9999.00000  1.68943
12.7210  -9999.00000  1.68392
12.9268  -9999.00000  1.67843
13.1359  -9999.00000  1.67297
13.3483  -9999.00000  1.66754
13.5642  -9999.00000  1.66316
13.7836  -9999.00000  1.65905
14.0066  -9999.00000  1.65497
14.2331  -9999.00000  1.65092
14.4633  -9999.00000  1.64690
14.6973  -9999.00000  1.64291
14.9350  -9999.00000  1.63895
15.1765  -9999.00000  1.63541
15.4220  -9999.00000  1.62938
15.6714  -9999.00000  1.62344
15.9249  -9999.00000  1.61757
16.1825  -9999.00000  1.61177
16.4442  -9999.00000  1.60840
16.7102  -9999.00000  1.60655
16.9805  -9999.00000  1.60480
17.2551  -9999.00000  1.60359
17.5342  -9999.00000  1.60991
17.8178  -9999.00000  1.61654
18.1060  -9999.00000  1.62345
18.3989  -9999.00000  1.63068
18.6964  -9999.00000  1.63966
18.9988  -9999.00000  1.65331
19.3061  -9999.00000  1.66751
19.6184  -9999.00000  1.68228
19.9357  -9999.00000  1.70799
20.2582  -9999.00000  1.74002
20.5858  -9999.00000  1.77364
20.9188  -9999.00000  1.81300
21.2571  -9999.00000  1.85732
21.6009  -9999.00000  1.90405
21.9503  -9999.00000  1.95330
22.3053  -9999.00000  2.00518
22.6661  -9999.00000  2.05980
23.0327  -9999.00000  2.09435
23.4053  -9999.00000  2.12421
23.7838  -9999.00000  2.15513
24.1685  -9999.00000  2.18714
24.5594  -9999.00000  2.22015
24.9566  -9999.00000  2.25420
25.3603  -9999.00000  2.27444
25.7705  -9999.00000  2.28125
26.1873  -9999.00000  2.28822
26.6109  -9999.00000  2.29532
27.0413  -9999.00000  2.30258
27.4786  -9999.00000  2.29212
27.9231  -9999.00000  2.26822
28.3747  -9999.00000  2.24458
28.8337  -9999.00000  2.22119
29.3000  2.56044  2.19804
29.7739  2.56065  2.17375
30.2555  2.54993  2.15006
30.7449  2.52509  2.12708
31.2421  2.47867  2.11904
31.7475  2.43263  2.13934
32.2609  2.39892  2.16005
32.7827  2.35884  2.18119
33.3130  2.30071  2.21307
33.8518  2.24519  2.27797
34.3993  2.20798  2.34576
34.9557  2.16985  2.41657
35.5211  2.12693  2.50181
36.0956  2.09239  2.60610
36.6794  2.07096  2.71646
37.2727  2.05382  2.83323
37.8755  2.03897  2.96545
38.4882  2.03775  3.11617
39.1107  2.05501  3.27675
39.7432  2.08861  3.44785
40.3861  2.14509  3.62980
41.0393  2.22360  3.81357
41.7031  2.32128  4.00721
42.3776  2.45004  4.21274
43.0630  2.65381  4.42465
43.7595  2.88685  4.55118
44.4673  3.11314  4.68208
45.1865  3.36448  4.77268
45.9174  3.60965  4.84330
46.6600  3.88503  4.91527
47.4147  4.17257  4.89581
48.1816  4.42732  4.87521
48.9609  4.69555  4.84420
49.7528  4.95975  4.77327
50.5576  5.25903  4.70292
51.3753  5.55765  4.50860
52.2062  5.74919  4.28138
53.0506  5.89412  4.06631
53.9087  6.00837  3.86274
54.7806  6.10266  3.67004
55.6667  6.17744  3.47400
56.5670  6.22936  3.28924
57.4820  6.26674  3.11508
58.4117  6.29565  2.95091
59.3564  6.31827  2.78314
60.3165  6.32121  2.61265
61.2921  6.30117  2.45356
62.2834  6.26329  2.30493
63.2908  6.21568  2.18556
64.3145  6.17123  2.07411
65.3547  6.12277  1.96895
66.4118  6.06853  1.86972
67.4859  5.99020  1.77607
68.5775  5.90707  1.72703
69.6867  5.85232  1.68770
70.8138  5.80353  1.64919
71.9591  5.75518  1.61136
73.1230  5.70688  1.58002
74.3057  5.65953  1.55434
75.5076  5.61622  1.53891
76.7289  5.58107  1.52365
77.9699  5.54592  1.50855
79.2310  5.51160  1.50180
80.5125  5.48379  1.49742
81.8147  5.46016  1.49295
83.1380  5.43865  1.48847
84.4827  5.41536  1.48406
85.8491  5.39328  1.48692
87.2377  5.37811  1.49114
88.6487  5.36601  1.49546
90.0825  5.35664  1.49988
91.5395  5.34972  1.50438
93.0201  5.34521  1.50892
94.5246  5.34309  1.51361
96.0535  5.34671  1.51844
97.6071  5.35304  1.51618
99.1858  5.35570  1.51106
100.7900  5.35725  1.50568
102.4200  5.35802  1.50007
104.0770  5.35837  1.49460
105.7600  5.35855  1.48921
107.4710  5.35873  1.48405
109.2090  5.36023  1.47935
110.9750  5.36355  1.47339
112.7700  5.36595  1.46158
114.5940  5.36481  1.44971
116.4480  5.36151  1.43750
118.3310  5.35604  1.42529
120.2450  5.34844  1.41322
122.1900  5.33864  1.40127
124.1660  5.32292  1.38946
126.1750  5.30488  1.38582
128.2150  5.29142  1.38388
130.2890  5.27826  1.38200
132.3970  5.26510  1.38019
134.5380  5.25151  1.37834
136.7140  5.23722  1.37652
138.9250  5.22228  1.37477
141.1720  5.20628  1.37185
143.4560  5.18797  1.36865
145.7760  5.16718  1.36553
148.1340  5.14394  1.36273
150.5300  5.11840  1.36010
152.9640  5.08980  1.35698
155.4390  5.05721  1.35361
157.9530  5.01992  1.35011
160.5070  4.97960  1.34671
163.1030  4.93204  1.33710
165.7420  4.86996  1.32711
168.4220  4.79422  1.31724
171.1460  4.70051  1.30768
173.9150  4.58247  1.29849
176.7270  4.42889  1.28972
179.5860  4.21761  1.28103
182.4910  3.89582  1.27293
185.4420  3.28345  1.26737
188.4420  1.83593  3.99068
191.4890  3.70429  3.93667
194.5870  4.30885  3.88359
197.7340  4.69425  3.83329
200.9320  4.98508  3.77981
204.1820  5.21808  3.72440
207.4850  5.41314  3.66985
210.8400  5.58433  3.61612
214.2510  5.73696  3.55578
217.7160  5.87106  3.49494
221.2370  5.98986  3.42955
224.8160  6.09331  3.36531
228.4520  6.18516  3.30231
232.1470  6.26709  3.24051
235.9020  6.33865  3.17991
239.7170  6.40258  3.12455
243.5950  6.46339  3.07085
247.5350  6.51934  3.01814
251.5380  6.57102  2.96643
255.6070  6.61909  2.91569
259.7410  6.66397  2.86420
263.9420  6.70414  2.81239
268.2110  6.73975  2.76156
272.5490  6.77209  2.71171
276.9570  6.80169  2.66162
281.4370  6.82740  2.61076
285.9890  6.84833  2.55996
290.6150  6.86488  2.51008
295.3150  6.87754  2.46123
300.0920  6.88647  2.41338
304.9450  6.89187  2.36651
309.8780  6.89367  2.32052
314.8900  6.89182  2.27524
319.9830  6.88613  2.23088
325.1580  6.87663  2.18743
330.4180  6.86316  2.14490
335.7620  6.84563  2.10324
341.1920  6.82387  2.06239
346.7110  6.79778  2.02242
352.3190  6.76783  1.98327
358.0170  6.73313  1.94077
363.8080  6.68911  1.89749
369.6920  6.63557  1.85517
375.6720  6.57233  1.81379
381.7480  6.49728  1.77335
387.9220  6.40869  1.73510
394.1970  6.30754  1.70218
400.5730  6.19115  1.66736
407.0520  6.05076  1.63228
413.6350  5.87980  1.59793
420.3260  5.66663  1.56437
427.1240  5.39101  1.53156
434.0320  5.01323  1.49945
441.0520  4.43798  1.46805
448.1860  3.31326  1.43727
453.7000  -2.54674  1.41402
453.9000  -2.54018  6.05677
455.4350  1.62344  6.03177
462.8020  4.24344  5.91435
470.2870  5.20655  5.79913
477.8940  5.81963  5.68622
485.6230  6.27139  5.57552
493.4780  6.62812  5.46700
501.4590  6.92097  5.36070
509.5700  7.16691  5.25646
517.8120  7.37572  5.15422
526.1870  7.55295  5.05369
534.6980  7.70071  4.95495
543.3460  7.81955  4.85801
552.1340  7.85370  4.76305
561.0650  7.85411  4.80210
570.1390  7.96532  4.90748
579.3610  8.16713  5.01623
588.7320  8.44950  4.99769
598.2540  8.67223  4.89758
607.9300  8.83396  4.79953
617.7630  8.97774  4.70348
627.7550  9.10810  4.60909
637.9080  9.22816  4.51342
648.2260  9.33755  4.41525
658.7110  9.43435  4.31631
669.3650  9.51599  4.21943
680.1910  9.58758  4.13434
691.1930  9.66102  4.05830
702.3720  9.73773  3.98496
713.7330  9.81668  3.90355
725.2770  9.88716  3.81744
737.0080  9.94946  3.73327
748.9280  10.00722  3.65094
761.0420  10.06110  3.57041
773.3510  10.11171  3.49139
785.8590  10.15927  3.41317
798.5700  10.20317  3.33593
811.4860  10.24370  3.26045
824.6110  10.28145  3.18669
837.9490  10.31685  3.11460
851.5020  10.35011  3.04384
865.2740  10.38120  2.97436
879.2690  10.41011  2.90617
893.4910  10.43697  2.83953
907.9430  10.46213  2.77445
922.6280  10.48639  2.71088
937.5510  10.50928  2.64724
952.7150  10.52975  2.58473
968.1240  10.54845  2.52337
983.7830  10.56539  2.46348
999.6950  10.58093  2.40505
1015.8600  10.59517  2.34804
1032.2900  10.60858  2.29257
1048.9900  10.62143  2.23766
1065.9600  10.63273  2.18328
1083.2000  10.64248  2.13023
1100.7200  10.65111  2.07849
1118.5200  10.65873  2.02802
1136.6100  10.66547  1.97877
1155.0000  10.67139  1.93072
1173.6800  10.67659  1.88386
1192.6600  10.68112  1.83813
1211.9500  10.68508  1.79352
1231.5500  10.68867  1.75000
1251.4700  10.69193  1.70713
1271.7200  10.69461  1.66492
1292.2900  10.69652  1.62326
1313.1900  10.69749  1.58264
1334.4300  10.69792  1.54304
1356.0100  10.69778  1.50442
1377.9400  10.69718  1.46678
1400.2300  10.69621  1.43009
1422.8800  10.69492  1.39431
1445.8900  10.69343  1.35944
1469.2800  10.69178  1.32530
1493.0400  10.69021  1.29179
1517.1900  10.68838  1.25812
1541.7300  10.68532  1.22520
1566.6700  10.68182  1.19316
1592.0100  10.67795  1.16196
1617.7600  10.67371  1.13156
1643.9200  10.66914  1.10196
1670.5100  10.66433  1.07317
1697.5300  10.65939  1.04512
1724.9900  10.65429  1.01777
1752.8900  10.64907  0.99083
1781.2400  10.64350  0.96451
1810.0500  10.63759  0.93884
1839.3200  10.63147  0.91384
1869.0700  10.62515  0.88950
1899.3000  10.61865  0.86580
1930.0200  10.61199  0.84273
1961.2400  10.60519  0.82029
1992.9600  10.59821  0.79845
2025.2000  10.59118  0.77747
2057.9500  10.58435  0.75663
2091.2400  10.57723  0.73633
2125.0600  10.56996  0.71654
2159.4300  10.56258  0.69726
2194.3600  10.55507  0.67849
2229.8500  10.54745  0.66019
2265.9200  10.53976  0.64238
2302.5700  10.53196  0.62503
2339.8100  10.52408  0.60813
2377.6600  10.51610  0.59168
2416.1100  10.50802  0.57565
2455.1900  10.49986  0.56005
2494.9000  10.49162  0.54485
2535.2600  10.48328  0.53007
2576.2600  10.47483  0.51566
2617.9300  10.46630  0.50164
2660.2700  10.45766  0.48800
2703.3000  10.44891  0.47470
2747.0300  10.44002  0.46177
2791.4600  10.43105  0.44918
2836.6100  10.42194  0.43692
2882.4900  10.41265  0.42500
2929.1100  10.40325  0.41338
2976.4800  10.39366  0.40209
3024.6300  10.38390  0.39109
3073.5500  10.37397  0.38039
3123.2600  10.36378  0.36997
3173.7800  10.35338  0.35982
3225.1100  10.34271  0.34996
3277.2700  10.33174  0.34035
3330.2800  10.32047  0.33102
3384.1500  10.30885  0.32192
3438.8800  10.29682  0.31308
3494.5000  10.28433  0.30446
3551.0200  10.27137  0.29609
3608.4600  10.25785  0.28793
3666.8200  10.24368  0.27999
3726.1300  10.22880  0.27227
3786.4000  10.21311  0.26476
3847.6400  10.19645  0.25744
3909.8700  10.17873  0.25034
3973.1100  10.15974  0.24342
4037.3800  10.13928  0.23668
4102.6800  10.11703  0.23013
4169.0300  10.09267  0.22376
4236.4600  10.06575  0.21755
4304.9800  10.03562  0.21152
4374.6200  10.00150  0.20564
4445.3700  9.96214  0.19993
4517.2700  9.91580  0.19437
4590.3300  9.85968  0.18896
4664.5800  9.78902  0.18369
4740.0300  9.69466  0.17856
4816.6900  9.55540  0.17358
4894.6000  9.29895  0.16873
4966.3000  6.84254  0.16445
4966.5000  6.84274  1.35232
4973.7700  8.47270  1.34945
5054.2100  9.43856  1.31841
5135.9600  9.70616  1.28797
5219.0300  9.87122  1.25795
5303.4400  9.99139  1.22834
5389.2200  10.08590  1.19921
5476.3900  10.16363  1.17054
5564.9700  10.22942  1.14233
5654.9800  10.28617  1.11459
5746.4400  10.33582  1.08730
5839.3900  10.37977  1.06053
5933.8300  10.41899  1.03423
6029.8100  10.45419  1.00842
6127.3300  10.48596  0.98308
6226.4400  10.51476  0.95824
6327.1500  10.54092  0.93389
6429.4800  10.56480  0.91001
6533.4800  10.58659  0.88660
6639.1500  10.60648  0.86370
6746.5400  10.62476  0.84128
6855.6500  10.64151  0.81931
6966.5400  10.65682  0.79782
7079.2200  10.67092  0.77681
7193.7200  10.68383  0.75624
7310.0700  10.69568  0.73614
7428.3100  10.70656  0.71648
7548.4500  10.71649  0.69727
7670.5400  10.72559  0.67849
7794.6100  10.73393  0.66017
7920.6800  10.74151  0.64226
8048.7900  10.74843  0.62479
8178.9800  10.75476  0.60771
8311.2600  10.76046  0.59104
8445.6900  10.76562  0.57478
8582.2900  10.77027  0.55892
8721.1100  10.77445  0.54344
8862.1600  10.77820  0.52836
9005.5000  10.78156  0.51363
9151.1600  10.78446  0.49928
9299.1700  10.78706  0.48530
9449.5800  10.78930  0.47166
9602.4200  10.79124  0.45836
9757.7300  10.79286  0.44541
9915.5500  10.79421  0.43278
10075.9000  10.79534  0.42049
10238.9000  10.79620  0.40852
10404.5000  10.79683  0.39686
10572.8000  10.79727  0.38550
10743.8000  10.79748  0.37444
10917.6000  10.79755  0.36368
11094.2000  10.79743  0.35320
11273.6000  10.79715  0.34301
11455.9000  10.79674  0.33308
11641.2000  10.79619  0.32342
11829.5000  10.79548  0.31403
12020.8000  10.79471  0.30488
12215.3000  10.79381  0.29599
12412.8000  10.79278  0.28734
12613.6000  10.79169  0.27892
12817.6000  10.79053  0.27074
13025.0000  10.78927  0.26279
13235.6000  10.78795  0.25505
13449.7000  10.78656  0.24753
13667.2000  10.78511  0.24021
13888.3000  10.78360  0.23310
14112.9000  10.78205  0.22619
14341.2000  10.78044  0.21948
14573.1000  10.77880  0.21295
14808.9000  10.77713  0.20661
15048.4000  10.77543  0.20044
15291.8000  10.77373  0.19446
15539.1000  10.77196  0.18864
15790.4000  10.77020  0.18298
16045.8000  10.76841  0.17749
16305.4000  10.76662  0.17216
16569.1000  10.76482  0.16698
16837.1000  10.76300  0.16195
17109.4000  10.76118  0.15706
17386.1000  10.75932  0.15232
17667.4000  10.75750  0.14771
17953.1000  10.75569  0.14323
18243.5000  10.75387  0.13889
18538.6000  10.75203  0.13467
18838.4000  10.75021  0.13058
19143.1000  10.74841  0.12660
19452.7000  10.74663  0.12274
19767.4000  10.74482  0.11900
20087.1000  10.74305  0.11536
20412.0000  10.74127  0.11183
20742.1000  10.73954  0.10841
21077.6000  10.73780  0.10508
21418.5000  10.73606  0.10186
21765.0000  10.73436  0.09873
22117.0000  10.73269  0.09569
22474.7000  10.73099  0.09275
22838.2000  10.72936  0.08989
23207.6000  10.72773  0.08711
23583.0000  10.72610  0.08442
23964.4000  10.72450  0.08181
24352.0000  10.72294  0.07928
24745.9000  10.72138  0.07682
25146.2000  10.71985  0.07444
25552.9000  10.71833  0.07213
25966.2000  10.71684  0.06989
26386.1000  10.71538  0.06771
26812.9000  10.71392  0.06560
27246.6000  10.71250  0.06356
27687.3000  10.71108  0.06158
28135.1000  10.70969  0.05965
28590.2000  10.70833  0.05779
29052.6000  10.70701  0.05598
29522.5000  10.70586  0.05423
30000.0000  10.70388  0.05253
