U4O9
113.57
11.3
E     f1    f2
10.0000  -9999.00000  1.09969
10.1617  -9999.00000  1.09993
10.3261  -9999.00000  1.10035
10.4931  -9999.00000  1.10063
10.6628  -9999.00000  1.09922
10.8353  -9999.00000  1.09803
11.0106  -9999.00000  1.09705
11.1886  -9999.00000  1.09689
11.3696  -9999.00000  1.10018
11.5535  -9999.00000  1.10386
11.7404  -9999.00000  1.10834
11.9303  -9999.00000  1.11388
12.1232  -9999.00000  1.11980
12.3193  -9999.00000  1.12612
12.5186  -9999.00000  1.13310
12.7210  -9999.00000  1.14641
12.9268  -9999.00000  1.16054
13.1359  -9999.00000  1.17552
13.3483  -9999.00000  1.19138
13.5642  -9999.00000  1.20789
13.7836  -9999.00000  1.22511
14.0066  -9999.00000  1.25843
14.2331  -9999.00000  1.29648
14.4633  -9999.00000  1.33751
14.6973  -9999.00000  1.38169
14.9350  -9999.00000  1.42923
15.1765  -9999.00000  1.48466
15.4220  -9999.00000  1.54575
15.6714  -9999.00000  1.61163
15.9249  -9999.00000  1.68261
16.1825  -9999.00000  1.75905
16.4442  -9999.00000  1.84268
16.7102  -9999.00000  1.93766
16.9805  -9999.00000  2.01450
17.2551  -9999.00000  2.09909
17.5342  -9999.00000  2.19396
17.8178  -9999.00000  2.29584
18.1060  -9999.00000  2.44145
18.3989  -9999.00000  2.60613
18.6964  -9999.00000  2.81712
18.9988  -9999.00000  3.19989
19.3061  -9999.00000  3.75541
19.6184  -9999.00000  4.51874
19.9357  -9999.00000  5.03544
20.2582  -9999.00000  5.54059
20.5858  -9999.00000  5.82092
20.9188  -9999.00000  6.09427
21.2571  -9999.00000  6.33783
21.6009  -9999.00000  6.57240
21.9503  -9999.00000  6.81735
22.3053  -9999.00000  7.02907
22.6661  -9999.00000  7.18244
23.0327  -9999.00000  7.34044
23.4053  -9999.00000  7.50316
23.7838  -9999.00000  7.67084
24.1685  -9999.00000  7.82967
24.5594  -9999.00000  7.94165
24.9566  -9999.00000  8.02160
25.3603  -9999.00000  8.10346
25.7705  -9999.00000  8.18718
26.1873  -9999.00000  8.27292
26.6109  -9999.00000  8.36057
27.0413  -9999.00000  8.45026
27.4786  -9999.00000  8.50523
27.9231  -9999.00000  8.48298
28.3747  -9999.00000  8.46143
28.8337  -9999.00000  8.44063
29.3000  6.42036  8.42052
29.7739  6.60587  8.40114
30.2555  6.78479  8.38242
30.7449  6.95679  8.36014
31.2421  7.12112  8.33851
31.7475  7.27943  8.31748
32.2609  7.43148  8.29712
32.7827  7.57865  8.27951
33.3130  7.72386  8.26515
33.8518  7.86781  8.25121
34.3993  8.01004  8.23773
34.9557  8.15066  8.22461
35.5211  8.28968  8.21193
36.0956  8.42699  8.19969
36.6794  8.56131  8.18789
37.2727  8.68331  8.18926
37.8755  8.84642  8.20003
38.4882  8.99967  8.18888
39.1107  9.15249  8.17815
39.7432  9.30865  8.16780
40.3861  9.47192  8.15790
41.0393  9.65478  8.14841
41.7031  9.86223  8.09151
42.3776  10.03226  8.01135
43.0630  10.18294  7.93204
43.7595  10.32436  7.85356
44.4673  10.45901  7.77586
45.1865  10.58883  7.69899
45.9174  10.71667  7.62289
46.6600  10.84424  7.54504
47.4147  10.97499  7.46663
48.1816  11.10388  7.36510
48.9609  11.21484  7.25991
49.7528  11.31559  7.15625
50.5576  11.40879  7.05402
51.3753  11.49584  6.95327
52.2062  11.57664  6.85399
53.0506  11.64585  6.75611
53.9087  11.73076  6.69534
54.7806  11.84979  6.60830
55.6667  11.96376  6.47131
56.5670  12.04236  6.32277
57.4820  12.09879  6.17787
58.4117  12.14246  6.03644
59.3564  12.17595  5.89797
60.3165  12.20031  5.76189
61.2921  12.21674  5.62868
62.2834  12.22638  5.49766
63.2908  12.23020  5.36979
64.3145  12.23382  5.24501
65.3547  12.25321  5.11017
66.4118  12.24377  4.94353
67.4859  12.20758  4.78284
68.5775  12.15561  4.62791
69.6867  12.09101  4.47794
70.8138  12.01690  4.33299
71.9591  11.94102  4.19244
73.1230  11.85330  4.02790
74.3057  11.73580  3.86455
75.5076  11.59911  3.70875
76.7289  11.44950  3.56014
77.9699  11.30350  3.41837
79.2310  11.19014  3.20609
80.5125  10.96098  2.94592
81.8147  10.65710  2.71283
83.1380  10.29387  2.48060
84.4827  9.85810  2.27239
85.8491  9.34199  2.09973
87.2377  8.78625  1.99008
88.6487  8.17053  1.88825
90.0825  7.45770  1.81957
91.5395  6.63738  1.77757
93.0201  5.63859  1.76001
94.5246  4.29180  1.80351
96.0535  2.12223  2.40537
97.6071  -0.14207  4.42417
99.1858  -1.24968  9.08969
100.7900  4.38126  11.76739
102.4200  5.87468  8.97770
104.0770  4.86806  6.89011
105.7600  3.15631  6.46212
107.4710  0.99266  6.23421
109.2090  -1.71292  6.20915
110.9750  -6.89030  6.29319
112.7700  -26.79872  38.54172
114.5940  -11.25412  42.68032
116.4480  4.53534  43.32403
118.3310  15.77708  39.36870
120.2450  20.26415  33.46419
122.1900  22.83479  29.86852
124.1660  24.92463  26.63036
126.1750  26.21372  23.41928
128.2150  26.82067  20.60202
130.2890  26.95286  18.13010
132.3970  26.66444  15.96049
134.5380  25.70171  14.42865
136.7140  25.24767  13.71624
138.9250  25.03673  13.03953
141.1720  24.91949  12.39669
143.4560  24.84535  11.78601
145.7760  24.79326  11.20589
148.1340  24.75354  10.65483
150.5300  24.72503  10.13131
152.9640  24.72596  9.61478
155.4390  24.68901  9.07659
157.9530  24.62428  8.56915
160.5070  24.54292  8.09058
163.1030  24.45031  7.63848
165.7420  24.34948  7.21128
168.4220  24.24506  6.80847
171.1460  24.15648  6.42858
173.9150  24.06068  6.01454
176.7270  23.92007  5.61172
179.5860  23.75443  5.23669
182.4910  23.57244  4.88749
185.4420  23.37719  4.56229
188.4420  23.16991  4.25946
191.4890  22.94859  3.97744
194.5870  22.68836  3.71476
197.7340  22.43166  3.54810
200.9320  22.22018  3.40388
204.1820  22.02999  3.26564
207.4850  21.85218  3.13310
210.8400  21.68257  3.00603
214.2510  21.51879  2.88420
217.7160  21.35898  2.76740
221.2370  21.20187  2.65539
224.8160  21.04519  2.54767
228.4520  20.88915  2.44815
232.1470  20.73485  2.35342
235.9020  20.58009  2.26241
239.7170  20.41980  2.17497
243.5950  20.25587  2.10678
247.5350  20.10072  2.04756
251.5380  19.95140  1.99001
255.6070  19.80231  1.93409
259.7410  19.64835  1.87973
263.9420  19.48594  1.83854
268.2110  19.33453  1.81170
272.5490  19.18878  1.78528
276.9570  19.04427  1.75928
281.4370  18.89828  1.73369
285.9890  18.74086  1.70849
290.6150  18.58353  1.70612
295.3150  18.43570  1.70735
300.0920  18.29102  1.70873
304.9450  18.14658  1.71023
309.8780  18.00049  1.71187
314.8900  17.84960  1.71272
319.9830  17.68789  1.71863
325.1580  17.52785  1.73522
330.4180  17.36689  1.75231
335.7620  17.20145  1.76988
341.1920  17.02895  1.78795
346.7110  16.84639  1.80649
352.3190  16.64775  1.82553
358.0170  16.42495  1.86165
363.8080  16.19973  1.91538
369.6920  15.96839  1.97123
375.6720  15.71868  2.02921
381.7480  15.44056  2.08935
387.9220  15.11608  2.15174
394.1970  14.71073  2.23442
400.5730  14.18392  2.34038
407.0520  13.19616  2.45203
413.6350  13.26305  4.78596
420.3260  13.80807  4.86474
427.1240  13.96227  5.01175
434.0320  14.01673  5.18810
441.0520  14.02327  5.38303
448.1860  14.00283  5.59795
455.4350  13.96955  5.83279
462.8020  13.92891  6.08799
470.2870  13.89105  6.36734
477.8940  13.86809  6.66250
485.6230  13.85009  6.97044
493.4780  13.84318  7.30458
501.4590  13.87579  7.66683
509.5700  13.93976  7.99552
517.8120  14.00120  8.32503
526.1870  14.06592  8.67677
534.6980  14.15532  9.05197
543.3460  14.30016  9.43923
552.1340  14.47075  9.81681
561.0650  14.69997  10.21669
570.1390  15.01503  10.56695
579.3610  15.33683  10.85341
588.7320  15.76910  11.14219
598.2540  16.14940  11.15916
607.9300  16.43400  11.17722
617.7630  16.72717  11.17075
627.7550  16.89643  11.04719
637.9080  16.88836  10.99320
648.2260  16.84684  11.02616
658.7110  16.77490  11.12460
669.3650  16.71141  11.28276
680.1910  16.60932  11.44526
691.1930  16.45056  11.72566
702.3720  16.37615  12.13555
713.7330  16.36369  12.56546
725.2770  16.40335  13.03589
737.0080  16.49504  13.52838
748.9280  16.65108  14.04240
761.0420  16.85209  14.55218
773.3510  17.09606  15.08388
785.8590  17.40660  15.63802
798.5700  17.80477  16.17508
811.4860  18.24935  16.69024
824.6110  18.75760  17.22507
837.9490  19.44993  17.78014
851.5020  20.17918  18.03979
865.2740  20.85942  18.27505
879.2690  21.58071  18.51481
893.4910  22.36499  18.62642
907.9430  23.06025  18.60520
922.6280  23.71230  18.58449
937.5510  24.32855  18.49986
952.7150  24.88570  18.40131
968.1240  25.36247  18.37889
983.7830  25.95031  18.47610
999.6950  26.77344  18.57449
1015.8600  28.52984  18.67405
1032.2900  28.41308  16.61418
1048.9900  27.99249  16.49133
1065.9600  28.22869  16.44955
1083.2000  28.50527  16.30100
1100.7200  28.76536  16.14708
1118.5200  29.02514  15.99480
1136.6100  29.28371  15.84410
1155.0000  29.54033  15.69502
1173.6800  29.79463  15.54752
1192.6600  30.04660  15.40154
1211.9500  30.29674  15.25709
1231.5500  30.54581  15.11410
1251.4700  30.79505  14.97251
1271.7200  31.04648  14.83214
1292.2900  31.30436  14.69309
1313.1900  31.58894  14.55543
1334.4300  31.86937  14.35179
1356.0100  32.11814  14.13637
1377.9400  32.33982  13.92422
1400.2300  32.54721  13.71535
1422.8800  32.74300  13.50972
1445.8900  32.92909  13.30724
1469.2800  33.10687  13.10782
1493.0400  33.27748  12.91141
1517.1900  33.44202  12.71796
1541.7300  33.60140  12.52742
1566.6700  33.75687  12.33981
1592.0100  33.91009  12.15506
1617.7600  34.06408  11.97316
1643.9200  34.23103  11.79402
1670.5100  34.39615  11.57701
1697.5300  34.53753  11.34956
1724.9900  34.65619  11.12653
1752.8900  34.76248  10.90783
1781.2400  34.85812  10.69343
1810.0500  34.94449  10.48325
1839.3200  35.02252  10.27722
1869.0700  35.09293  10.07524
1899.3000  35.15628  9.87727
1930.0200  35.21301  9.68320
1961.2400  35.26348  9.49296
1992.9600  35.30799  9.30648
2025.2000  35.34690  9.12378
2057.9500  35.38042  8.94454
2091.2400  35.40866  8.76883
2125.0600  35.43189  8.59655
2159.4300  35.45028  8.42773
2194.3600  35.46420  8.26217
2229.8500  35.47408  8.09994
2265.9200  35.48162  7.94085
2302.5700  35.48692  7.77865
2339.8100  35.48326  7.61377
2377.6600  35.46891  7.45238
2416.1100  35.44711  7.29439
2455.1900  35.41795  7.13981
2494.9000  35.38157  6.98849
2535.2600  35.33785  6.84034
2576.2600  35.28654  6.69536
2617.9300  35.22730  6.55346
2660.2700  35.15969  6.41459
2703.3000  35.08317  6.27866
2747.0300  34.99698  6.14562
2791.4600  34.90024  6.01539
2836.6100  34.79185  5.88790
2882.4900  34.67041  5.76317
2929.1100  34.53420  5.64105
2976.4800  34.37953  5.52155
3024.6300  34.20560  5.40750
3073.5500  34.01106  5.29690
3123.2600  33.79012  5.18851
3173.7800  33.54253  5.08237
3225.1100  33.25591  4.96617
3277.2700  32.89474  4.83052
3330.2800  32.43016  4.69858
3384.1500  31.81869  4.57026
3438.8800  30.95307  4.44546
3494.5000  29.49362  4.32404
3551.0200  20.33248  4.20595
3551.6000  16.39295  4.20476
3551.8000  16.39606  10.68674
3608.4600  29.32124  10.21060
3666.8200  30.07545  9.74951
3726.1300  27.03567  9.43851
3727.5000  24.32588  9.43150
3727.7000  24.32708  12.61150
3786.4000  31.26144  12.42963
3847.6400  32.38256  12.24562
3909.8700  33.09393  12.06429
3973.1100  33.61133  11.93331
4037.3800  34.04960  11.84193
4102.6800  34.43798  11.74416
4169.0300  34.71953  11.57243
4236.4600  34.96650  11.40328
4303.3000  31.79742  11.24060
4303.5000  31.80150  13.00383
4304.9800  33.22404  12.99820
4374.6200  35.66103  12.73784
4445.3700  36.37766  12.48272
4517.2700  36.89974  12.23267
4590.3300  37.32660  11.97429
4664.5800  37.67059  11.70475
4740.0300  37.92362  11.46018
4816.6900  38.14575  11.27626
4894.6000  38.37136  11.09531
4973.7700  38.57021  10.91723
5054.2100  38.73364  10.74208
5135.9600  38.84799  10.56970
5182.1000  38.09959  10.47482
5182.3000  38.10199  10.96512
5219.0300  39.01231  10.87718
5303.4400  39.40728  10.68002
5389.2200  39.68524  10.48645
5476.3900  39.92309  10.29636
5564.9700  40.13909  10.10973
5654.9800  40.34618  9.92654
5746.4400  40.54302  9.72235
5839.3900  40.71357  9.51388
5933.8300  40.86236  9.30982
6029.8100  40.99619  9.11019
6127.3300  41.11639  8.91485
6226.4400  41.22404  8.72370
6327.1500  41.30991  8.53662
6429.4800  41.38443  8.37485
6533.4800  41.46764  8.22607
6639.1500  41.55246  8.07994
6746.5400  41.63672  7.93644
6855.6500  41.71992  7.79545
6966.5400  41.80226  7.65701
7079.2200  41.88420  7.52098
7193.7200  41.96688  7.38737
7310.0700  42.05147  7.25618
7428.3100  42.15489  7.12730
7548.4500  42.26654  6.96818
7670.5400  42.35024  6.77890
7794.6100  42.40810  6.59478
7920.6800  42.44983  6.41569
8048.7900  42.47740  6.24142
8178.9800  42.48137  6.07348
8311.2600  42.47875  5.94238
8445.6900  42.49288  5.81415
8582.2900  42.50646  5.68868
8721.1100  42.52932  5.56588
8862.1600  42.55274  5.42519
9005.5000  42.54883  5.26517
9151.1600  42.50827  5.10983
9299.1700  42.42172  4.98361
9449.5800  42.25429  4.89384
9602.4200  42.25545  5.14616
9757.7300  42.51932  5.07206
9915.5500  42.57250  4.94631
10075.9000  42.62204  4.82209
10238.9000  42.65662  4.70050
10404.5000  42.68119  4.58149
10572.8000  42.69810  4.46502
10743.8000  42.70869  4.35111
10917.6000  42.71402  4.23967
11094.2000  42.71458  4.13070
11273.6000  42.71090  4.02414
11455.9000  42.70322  3.91996
11641.2000  42.69181  3.81813
11829.5000  42.67681  3.71859
12020.8000  42.65831  3.62133
12215.3000  42.63635  3.52628
12412.8000  42.61093  3.43343
12613.6000  42.58200  3.34272
12817.6000  42.54953  3.25413
13025.0000  42.51328  3.16760
13235.6000  42.47308  3.08310
13449.7000  42.42872  3.00059
13667.2000  42.37982  2.92003
13888.3000  42.32591  2.84139
14112.9000  42.26641  2.76462
14341.2000  42.20060  2.68969
14573.1000  42.12747  2.61655
14808.9000  42.04567  2.54518
15048.4000  41.95338  2.47553
15291.8000  41.84813  2.40758
15539.1000  41.72616  2.34127
15790.4000  41.58177  2.27658
16045.8000  41.40537  2.21347
16305.4000  41.17960  2.15191
16569.1000  40.86668  2.09186
16837.1000  40.35644  2.03328
17109.4000  38.83390  1.97615
17166.2000  33.21539  1.96455
17166.4000  33.21552  4.75373
17386.1000  40.08862  4.65234
17667.4000  40.82793  4.52748
17953.1000  41.21658  4.40601
18243.5000  41.46813  4.28779
18538.6000  41.64172  4.17275
18838.4000  41.76132  4.06079
19143.1000  41.83772  3.95184
19452.7000  41.87462  3.84582
19767.4000  41.86952  3.74265
20087.1000  41.81086  3.64224
20412.0000  41.66458  3.54454
20742.1000  41.28580  3.44946
20947.5000  37.92381  3.39233
20947.7000  37.92407  4.80833
21077.6000  41.11209  4.76245
21418.5000  41.65735  4.64539
21757.3000  40.52184  4.53370
21757.5000  40.52229  5.14827
21765.0000  41.27575  5.14583
22117.0000  42.22070  5.03121
22474.7000  42.53829  4.91820
22838.2000  42.77064  4.80679
23207.6000  42.95854  4.69711
23583.0000  43.11734  4.58908
23964.4000  43.25489  4.48282
24352.0000  43.37605  4.37832
24745.9000  43.48388  4.27558
25146.2000  43.58064  4.17462
25552.9000  43.66789  4.07546
25966.2000  43.74693  3.97808
26386.1000  43.81877  3.88251
26812.9000  43.88420  3.78874
27246.6000  43.94391  3.69677
27687.3000  43.99842  3.60658
28135.1000  44.04831  3.51819
28590.2000  44.09398  3.43157
29052.6000  44.13627  3.34671
29522.5000  44.18319  3.26361
30000.0000  44.18233  3.18224
30100.0000  44.10317  2.96488
30200.0000  44.10912  2.94947
30300.0000  44.11489  2.93405
30400.0000  44.12053  2.91863
30500.0000  44.12603  2.90372
30600.0000  44.13144  2.88881
30700.0000  44.13668  2.87390
30800.0000  44.14187  2.85899
30900.0000  44.14688  2.84458
31000.0000  44.15180  2.83015
31100.0000  44.15664  2.81573
31200.0000  44.16138  2.80132
31350.0000  44.16835  2.78031
31420.0000  44.17150  2.77050
31500.0000  44.17518  2.75930
31600.0000  44.17961  2.74550
31700.0000  44.18387  2.73171
31800.0000  44.18804  2.71791
31900.0000  44.19207  2.70411
32000.0000  44.19597  2.69076
32100.0000  44.19983  2.67741
32200.0000  44.20355  2.66405
32300.0000  44.20719  2.65070
32450.0000  44.21251  2.63123
32600.0000  44.21765  2.61177
32800.0000  44.22421  2.58652
33000.0000  44.23059  2.56127
33100.0000  44.23373  2.54889
33200.0000  44.23670  2.53652
33300.0000  44.23958  2.52415
33400.0000  44.24237  2.51177
33600.0000  44.24769  2.48778
33800.0000  44.25273  2.46380
33950.0000  44.25636  2.44627
34100.0000  44.25990  2.42875
34300.0000  44.26420  2.40596
34500.0000  44.26836  2.38317
34700.0000  44.27220  2.36106
34900.0000  44.27583  2.33896
35100.0000  44.27923  2.31756
35300.0000  44.28245  2.29616
35500.0000  44.28550  2.27540
35700.0000  44.28837  2.25464
35900.0000  44.29107  2.23443
36030.0000  44.29274  2.22129
36300.0000  44.29602  2.19479
36500.0000  44.29823  2.17516
36800.0000  44.30132  2.14672
37000.0000  44.30322  2.12776
37300.0000  44.30582  2.10031
37500.0000  44.30736  2.08201
37800.0000  44.30952  2.05551
38000.0000  44.31079  2.03783
38300.0000  44.31251  2.01227
38500.0000  44.31352  1.99523
38800.0000  44.31492  1.97052
39000.0000  44.31575  1.95405
39500.0000  44.31750  1.91424
39800.0000  44.31841  1.89112
40000.0000  44.31898  1.87571
40400.0000  44.31985  1.84573
40800.0000  44.32023  1.81574
41100.0000  44.32031  1.79432
41500.0000  44.32015  1.76576
41900.0000  44.31969  1.73852
42300.0000  44.31905  1.71129
42600.0000  44.31842  1.69180
43000.0000  44.31742  1.66582
43400.0000  44.31625  1.64087
43800.0000  44.31485  1.61593
44100.0000  44.31364  1.59805
44500.0000  44.31193  1.57421
44900.0000  44.31005  1.55141
45300.0000  44.30803  1.52861
46000.0000  44.30418  1.49042
46500.0000  44.30127  1.46406
47000.0000  44.29814  1.43845
47500.0000  44.29488  1.41389
48000.0000  44.29153  1.38933
49000.0000  44.28448  1.34285
49500.0000  44.28086  1.32054
50000.0000  44.27720  1.29882
50500.0000  44.27345  1.27773
51000.0000  44.26957  1.25664
51500.0000  44.26561  1.23662
52000.0000  44.26151  1.21661
53000.0000  44.25313  1.17858
54000.0000  44.24452  1.14241
55000.0000  44.23579  1.10799
56000.0000  44.22697  1.07506
56800.0000  44.21975  1.04983
57530.0000  44.21311  1.02762
58000.0000  44.20879  1.01371
58500.0000  44.20420  0.99924
59540.0000  44.19462  0.97019
59800.0000  44.19226  0.96313
60000.0000  44.19039  0.95776
60800.0000  44.18301  0.93665
61500.0000  44.17651  0.91878
62300.0000  44.16903  0.89901
63000.0000  44.16244  0.88226
64000.0000  44.15305  0.85918
65000.0000  44.14365  0.83705
65900.0000  44.13515  0.81784
66830.0000  44.12633  0.79872
67400.0000  44.12095  0.78734
67900.0000  44.11619  0.77758
69041.0000  44.10538  0.75601
69500.0000  44.10102  0.74760
70000.0000  44.09626  0.73860
71000.0000  44.08665  0.72106
72000.0000  44.07699  0.70417
73500.0000  44.06257  0.67999
74960.0000  44.04856  0.65770
75500.0000  44.04326  0.64975
76000.0000  44.03837  0.64252
77110.0000  44.02747  0.62693
78600.0000  44.01275  0.60692
79300.0000  44.00577  0.59787
80000.0000  43.99874  0.58903
81500.0000  43.98349  0.57071
83000.0000  43.96796  0.55328
84000.0000  43.95747  0.54213
85000.0000  43.94675  0.53132
86500.0000  43.93039  0.51575
88000.0000  43.91353  0.50089
89000.0000  43.90201  0.49136
90000.0000  43.89023  0.48211
91500.0000  43.87196  0.46872
93000.0000  43.85284  0.45591
94000.0000  43.83959  0.44768
95000.0000  43.82590  0.43968
95800.0000  43.81452  0.43350
96500.0000  43.80429  0.42810
97300.0000  43.79220  0.42217
98000.0000  43.78126  0.41699
98500.0000  43.77321  0.41342
99000.0000  43.76499  0.40984
99500.0000  43.75654  0.40636
100000.0000  43.74783  0.40288
