UN
126.02
11.373
E     f1    f2
10.0000  -9999.00000  1.15242
10.1617  -9999.00000  1.15123
10.3261  -9999.00000  1.15020
10.4931  -9999.00000  1.14899
10.6628  -9999.00000  1.14585
10.8353  -9999.00000  1.14293
11.0106  -9999.00000  1.14022
11.1886  -9999.00000  1.13827
11.3696  -9999.00000  1.13945
11.5535  -9999.00000  1.14100
11.7404  -9999.00000  1.14338
11.9303  -9999.00000  1.14689
12.1232  -9999.00000  1.15075
12.3193  -9999.00000  1.15499
12.5186  -9999.00000  1.15983
12.7210  -9999.00000  1.17039
12.9268  -9999.00000  1.18170
13.1359  -9999.00000  1.19379
13.3483  -9999.00000  1.20668
13.5642  -9999.00000  1.22011
13.7836  -9999.00000  1.23415
14.0066  -9999.00000  1.26270
14.2331  -9999.00000  1.29552
14.4633  -9999.00000  1.33102
14.6973  -9999.00000  1.36939
14.9350  -9999.00000  1.41080
15.1765  -9999.00000  1.45942
15.4220  -9999.00000  1.51319
15.6714  -9999.00000  1.57127
15.9249  -9999.00000  1.63396
16.1825  -9999.00000  1.70158
16.4442  -9999.00000  1.77597
16.7102  -9999.00000  1.86175
16.9805  -9999.00000  1.93119
17.2551  -9999.00000  2.00891
17.5342  -9999.00000  2.09729
17.8178  -9999.00000  2.19260
18.1060  -9999.00000  2.33609
18.3989  -9999.00000  2.49999
18.6964  -9999.00000  2.71488
18.9988  -9999.00000  3.12587
19.3061  -9999.00000  3.73225
19.6184  -9999.00000  4.57169
19.9357  -9999.00000  5.13289
20.2582  -9999.00000  5.68033
20.5858  -9999.00000  5.98081
20.9188  -9999.00000  6.27836
21.2571  -9999.00000  6.54221
21.6009  -9999.00000  6.79578
21.9503  -9999.00000  7.06083
22.3053  -9999.00000  7.29234
22.6661  -9999.00000  7.46182
23.0327  -9999.00000  7.63651
23.4053  -9999.00000  7.81649
23.7838  -9999.00000  8.00203
24.1685  -9999.00000  8.18074
24.5594  -9999.00000  8.31038
24.9566  -9999.00000  8.40395
25.3603  -9999.00000  8.49965
25.7705  -9999.00000  8.59744
26.1873  -9999.00000  8.69746
26.6109  -9999.00000  8.79961
27.0413  -9999.00000  8.90405
27.4786  -9999.00000  8.97186
27.9231  -9999.00000  8.95629
28.3747  -9999.00000  8.94136
28.8337  -9999.00000  8.92712
29.3000  6.83585  8.91351
29.7739  7.03342  8.90057
30.2555  7.22435  8.88825
30.7449  7.40819  8.87178
31.2421  7.58407  8.85590
31.7475  7.75379  8.84056
32.2609  7.91731  8.82585
32.7827  8.07602  8.81360
33.3130  8.23263  8.80431
33.8518  8.38788  8.79540
34.3993  8.54141  8.78691
34.9557  8.69343  8.77873
35.5211  8.84400  8.77096
36.0956  8.99312  8.76360
36.6794  9.13974  8.75663
37.2727  9.27556  8.76153
37.8755  9.44882  8.77490
38.4882  9.61380  8.76856
39.1107  9.77926  8.76260
39.7432  9.94897  8.75698
40.3861  10.12700  8.75180
41.0393  10.32733  8.74698
41.7031  10.55554  8.68875
42.3776  10.74186  8.60428
43.0630  10.90656  8.52068
43.7595  11.06099  8.43794
44.4673  11.20791  8.35600
45.1865  11.34950  8.27492
45.9174  11.48867  8.19463
46.6600  11.62758  8.11286
47.4147  11.77066  8.03071
48.1816  11.91205  7.92244
48.9609  12.03361  7.80996
49.7528  12.14401  7.69911
50.5576  12.24627  7.58977
51.3753  12.34206  7.48200
52.2062  12.43162  7.37580
53.0506  12.51057  7.27109
53.9087  12.60421  7.20001
54.7806  12.73166  7.10551
55.6667  12.85634  6.95552
56.5670  12.94127  6.79248
57.4820  13.00139  6.63349
58.4117  13.04718  6.47835
59.3564  13.08147  6.32662
60.3165  13.10556  6.17772
61.2921  13.12083  6.03210
62.2834  13.12861  5.88911
63.2908  13.13010  5.74962
64.3145  13.13148  5.61354
65.3547  13.15069  5.46607
66.4118  13.13756  5.28275
67.4859  13.09438  5.10608
68.5775  13.03345  4.93582
69.6867  12.95833  4.77122
70.8138  12.87256  4.61226
71.9591  12.78492  4.45837
73.1230  12.68413  4.27744
74.3057  12.54996  4.09779
75.5076  12.39429  3.92657
76.7289  12.22415  3.76337
77.9699  12.05811  3.60780
79.2310  11.92883  3.37292
80.5125  11.66934  3.08411
81.8147  11.32584  2.82579
83.1380  10.91569  2.56845
84.4827  10.42405  2.33805
85.8491  9.84211  2.14759
87.2377  9.21564  2.02796
88.6487  8.52174  1.91705
90.0825  7.71865  1.84341
91.5395  6.79468  1.79972
93.0201  5.67000  1.78353
94.5246  4.15387  1.83595
96.0535  1.71216  2.51648
97.6071  -0.83609  4.79102
99.1858  -2.08308  10.04308
100.7900  4.25089  13.05889
102.4200  5.93024  9.92389
104.0770  4.79715  7.57866
105.7600  2.87083  7.10043
107.4710  0.43618  6.84725
109.2090  -2.60809  6.82220
110.9750  -8.43311  6.91984
112.7700  -30.83066  43.20282
114.5940  -13.34313  47.86178
116.4480  4.41992  48.58887
118.3310  17.06676  44.14193
120.2450  22.11455  37.50211
122.1900  25.00636  33.45969
124.1660  27.35732  29.81942
126.1750  28.80742  26.20957
128.2150  29.49013  23.04273
130.2890  29.63870  20.26435
132.3970  29.31414  17.82616
134.5380  28.23105  16.10541
136.7140  27.72031  15.30647
138.9250  27.48308  14.54765
141.1720  27.35132  13.82687
143.4560  27.26807  13.14224
145.7760  27.20966  12.49194
148.1340  27.16519  11.87428
150.5300  27.13335  11.28756
152.9640  27.13465  10.70866
155.4390  27.09333  10.10533
157.9530  27.02076  9.53658
160.5070  26.92937  9.00028
163.1030  26.82531  8.49392
165.7420  26.71219  8.01573
168.4220  26.59519  7.56492
171.1460  26.49611  7.13984
173.9150  26.38900  6.67628
176.7270  26.23155  6.22529
179.5860  26.04601  5.80550
182.4910  25.84213  5.41473
185.4420  25.62342  5.05091
188.4420  25.39121  4.71220
191.4890  25.14327  4.39686
194.5870  24.85161  4.10323
197.7340  24.56398  3.91757
200.9320  24.32727  3.75712
204.1820  24.11459  3.60334
207.4850  23.91588  3.45595
210.8400  23.72644  3.31466
214.2510  23.54363  3.17923
217.7160  23.36534  3.04942
221.2370  23.19012  2.92497
224.8160  23.01545  2.80537
228.4520  22.84164  2.69496
232.1470  22.66986  2.58990
235.9020  22.49767  2.48898
239.7170  22.31935  2.39204
243.5950  22.13703  2.31673
247.5350  21.96470  2.25147
251.5380  21.79903  2.18806
255.6070  21.63374  2.12643
259.7410  21.46309  2.06654
263.9420  21.28307  2.02143
268.2110  21.11556  1.99243
272.5490  20.95459  1.96388
276.9570  20.79518  1.93577
281.4370  20.63429  1.90808
285.9890  20.46074  1.88081
290.6150  20.28751  1.87920
295.3150  20.12522  1.88161
300.0920  19.96672  1.88416
304.9450  19.80879  1.88682
309.8780  19.64926  1.88962
314.8900  19.48467  1.89170
319.9830  19.30850  1.89958
325.1580  19.13488  1.91945
330.4180  18.96088  1.93982
335.7620  18.78260  1.96070
341.1920  18.59727  1.98209
346.7110  18.40167  2.00399
352.3190  18.18926  2.02639
358.0170  17.95124  2.06799
363.8080  17.71249  2.12936
369.6920  17.46945  2.19308
375.6720  17.20927  2.25915
381.7480  16.92217  2.32763
387.9220  16.59068  2.39861
394.1970  16.18160  2.49240
400.5730  15.66433  2.61234
407.0520  14.73298  2.73865
413.6350  14.74923  4.86633
420.3260  15.18797  4.96576
427.1240  15.27370  5.14174
434.0320  15.27515  5.35051
441.0520  15.23689  5.57996
448.1860  15.17699  5.83169
455.4350  15.10859  6.10561
462.8020  15.03623  6.40225
470.2870  14.97032  6.72585
477.8940  14.92378  7.06704
485.6230  14.88496  7.42242
493.4780  14.86038  7.80709
501.4590  14.88174  8.22320
509.5700  14.93967  8.60137
517.8120  14.99584  8.98030
526.1870  15.05663  9.38406
534.6980  15.14601  9.81404
543.3460  15.29846  10.25743
552.1340  15.48043  10.68976
561.0650  15.72868  11.14703
570.1390  16.07375  11.54908
579.3610  16.42739  11.87968
588.7320  16.90626  12.21270
598.2540  17.32729  12.23973
607.9300  17.64119  12.26778
617.7630  17.96522  12.26805
627.7550  18.15027  12.13640
637.9080  18.13622  12.08284
648.2260  18.08489  12.12692
658.7110  17.99966  12.24450
669.3650  17.92424  12.42910
680.1910  17.80567  12.61841
691.1930  17.62359  12.94021
702.3720  17.53664  13.40752
713.7330  17.51959  13.89720
725.2770  17.56138  14.43232
737.0080  17.66187  14.99212
748.9280  17.83491  15.57599
761.0420  18.05861  16.15496
773.3510  18.33072  16.75858
785.8590  18.67790  17.38749
798.5700  19.12395  17.99715
811.4860  19.62245  18.58204
824.6110  20.19277  19.18889
837.9490  20.97037  19.81840
851.5020  21.78965  20.11536
865.2740  22.55391  20.38472
879.2690  23.36443  20.65898
893.4910  24.24587  20.78894
907.9430  25.02723  20.76937
922.6280  25.76001  20.75025
937.5510  26.45257  20.65920
952.7150  27.07877  20.55240
968.1240  27.61462  20.53117
983.7830  28.27553  20.64441
999.6950  29.20121  20.75887
1015.8600  31.17688  20.87454
1032.2900  31.04526  18.56070
1048.9900  30.57183  18.42600
1065.9600  30.83737  18.38247
1083.2000  31.14844  18.21872
1100.7200  31.44100  18.04884
1118.5200  31.73326  17.88071
1136.6100  32.02421  17.71428
1155.0000  32.31300  17.54960
1173.6800  32.59921  17.38659
1192.6600  32.88283  17.22521
1211.9500  33.16441  17.06549
1231.5500  33.44478  16.90733
1251.4700  33.72534  16.75071
1271.7200  34.00841  16.59543
1292.2900  34.29877  16.44160
1313.1900  34.61924  16.28927
1334.4300  34.93507  16.06262
1356.0100  35.21530  15.82267
1377.9400  35.46508  15.58632
1400.2300  35.69882  15.35360
1422.8800  35.91950  15.12444
1445.8900  36.12931  14.89878
1469.2800  36.32976  14.67650
1493.0400  36.52215  14.45755
1517.1900  36.70772  14.24189
1541.7300  36.88751  14.02946
1566.6700  37.06291  13.82026
1592.0100  37.23579  13.61422
1617.7600  37.40955  13.41134
1643.9200  37.59788  13.21151
1670.5100  37.78416  12.96903
1697.5300  37.94374  12.71475
1724.9900  38.07774  12.46540
1752.8900  38.19782  12.22090
1781.2400  38.30594  11.98120
1810.0500  38.40363  11.74620
1839.3200  38.49194  11.51583
1869.0700  38.57170  11.28998
1899.3000  38.64350  11.06860
1930.0200  38.70786  10.85157
1961.2400  38.76518  10.63879
1992.9600  38.81579  10.43022
2025.2000  38.86008  10.22585
2057.9500  38.89830  10.02537
2091.2400  38.93059  9.82881
2125.0600  38.95724  9.63609
2159.4300  38.97843  9.44723
2194.3600  38.99460  9.26200
2229.8500  39.00623  9.08049
2265.9200  39.01522  8.90250
2302.5700  39.02168  8.72096
2339.8100  39.01805  8.53639
2377.6600  39.00239  8.35571
2416.1100  38.97835  8.17885
2455.1900  38.94603  8.00578
2494.9000  38.90558  7.83636
2535.2600  38.85686  7.67049
2576.2600  38.79959  7.50815
2617.9300  38.73342  7.34927
2660.2700  38.65780  7.19376
2703.3000  38.57216  7.04154
2747.0300  38.47565  6.89256
2791.4600  38.36725  6.74670
2836.6100  38.24573  6.60393
2882.4900  38.10954  6.46422
2929.1100  37.95672  6.32744
2976.4800  37.78312  6.19359
3024.6300  37.58785  6.06586
3073.5500  37.36940  5.94199
3123.2600  37.12122  5.82059
3173.7800  36.84308  5.70170
3225.1100  36.52100  5.57148
3277.2700  36.11506  5.41936
3330.2800  35.59278  5.27141
3384.1500  34.90523  5.12751
3438.8800  33.93175  4.98755
3494.5000  32.29020  4.85138
3551.0200  21.98417  4.71895
3551.6000  17.55215  4.71762
3551.8000  17.55565  12.00992
3608.4600  32.09696  11.47466
3666.8200  32.94578  10.95632
3726.1300  29.52632  10.60684
3727.5000  26.47779  10.59895
3727.7000  26.47914  14.17650
3786.4000  34.28069  13.97224
3847.6400  35.54227  13.76560
3909.8700  36.34289  13.56195
3973.1100  36.92527  13.41494
4037.3800  37.41863  13.31247
4102.6800  37.85585  13.20279
4169.0300  38.17289  13.00990
4236.4600  38.45101  12.81991
4303.3000  34.88603  12.63717
4303.5000  34.89062  14.62082
4304.9800  36.49100  14.61450
4374.6200  39.23292  14.32187
4445.3700  40.03940  14.03513
4517.2700  40.62700  13.75408
4590.3300  41.10748  13.46366
4664.5800  41.49473  13.16067
4740.0300  41.77964  12.88576
4816.6900  42.02978  12.67908
4894.6000  42.28383  12.47574
4973.7700  42.50776  12.27562
5054.2100  42.69186  12.07877
5135.9600  42.82072  11.88506
5182.1000  41.97888  11.77842
5182.3000  41.98158  12.33002
5219.0300  43.00580  12.23117
5303.4400  43.45035  12.00955
5389.2200  43.76327  11.79196
5476.3900  44.03105  11.57830
5564.9700  44.27426  11.36850
5654.9800  44.50743  11.16258
5746.4400  44.72907  10.93303
5839.3900  44.92113  10.69865
5933.8300  45.08870  10.46924
6029.8100  45.23943  10.24481
6127.3300  45.37484  10.02518
6226.4400  45.49611  9.81028
6327.1500  45.59289  9.59995
6429.4800  45.67689  9.41808
6533.4800  45.77066  9.25083
6639.1500  45.86624  9.08655
6746.5400  45.96118  8.92523
6855.6500  46.05493  8.76672
6966.5400  46.14771  8.61108
7079.2200  46.24004  8.45816
7193.7200  46.33318  8.30795
7310.0700  46.42849  8.16045
7428.3100  46.54496  8.01557
7548.4500  46.67070  7.83665
7670.5400  46.76500  7.62379
7794.6100  46.83020  7.41674
7920.6800  46.87728  7.21535
8048.7900  46.90841  7.01938
8178.9800  46.91299  6.83051
8311.2600  46.91015  6.68311
8445.6900  46.92617  6.53891
8582.2900  46.94154  6.39783
8721.1100  46.96737  6.25975
8862.1600  46.99382  6.10154
9005.5000  46.98952  5.92158
9151.1600  46.94399  5.74688
9299.1700  46.84671  5.60494
9449.5800  46.65844  5.50401
9602.4200  46.65983  5.78793
9757.7300  46.95678  5.70462
9915.5500  47.01669  5.56321
10075.9000  47.07251  5.42350
10238.9000  47.11149  5.28676
10404.5000  47.13921  5.15292
10572.8000  47.15831  5.02194
10743.8000  47.17031  4.89383
10917.6000  47.17636  4.76851
11094.2000  47.17707  4.64595
11273.6000  47.17300  4.52611
11455.9000  47.16443  4.40895
11641.2000  47.15166  4.29442
11829.5000  47.13485  4.18248
12020.8000  47.11410  4.07309
12215.3000  47.08945  3.96620
12412.8000  47.06092  3.86177
12613.6000  47.02843  3.75975
12817.6000  46.99196  3.66011
13025.0000  46.95124  3.56280
13235.6000  46.90606  3.46776
13449.7000  46.85621  3.37496
13667.2000  46.80125  3.28436
13888.3000  46.74065  3.19591
14112.9000  46.67376  3.10957
14341.2000  46.59977  3.02530
14573.1000  46.51754  2.94304
14808.9000  46.42555  2.86277
15048.4000  46.32178  2.78444
15291.8000  46.20341  2.70801
15539.1000  46.06624  2.63343
15790.4000  45.90383  2.56067
16045.8000  45.70543  2.48969
16305.4000  45.45147  2.42045
16569.1000  45.09947  2.35291
16837.1000  44.52547  2.28703
17109.4000  42.81263  2.22277
17166.2000  36.49176  2.20973
17166.4000  36.49191  5.34758
17386.1000  44.22425  5.23353
17667.4000  45.05601  5.09307
17953.1000  45.49328  4.95643
18243.5000  45.77631  4.82345
18538.6000  45.97163  4.69403
18838.4000  46.10621  4.56809
19143.1000  46.19220  4.44554
19452.7000  46.23373  4.32628
19767.4000  46.22802  4.21022
20087.1000  46.16206  4.09727
20412.0000  45.99751  3.98736
20742.1000  45.57141  3.88041
20947.5000  41.78914  3.81614
20947.7000  41.78944  5.40916
21077.6000  45.37601  5.35755
21418.5000  45.98946  5.22586
21757.3000  44.71202  5.10022
21757.5000  44.71252  5.79162
21765.0000  45.56017  5.78887
22117.0000  46.62328  5.65994
22474.7000  46.98059  5.53280
22838.2000  47.24201  5.40747
23207.6000  47.45342  5.28409
23583.0000  47.63209  5.16256
23964.4000  47.78686  5.04303
24352.0000  47.92318  4.92547
24745.9000  48.04451  4.80990
25146.2000  48.15339  4.69632
25552.9000  48.25157  4.58477
25966.2000  48.34050  4.47523
26386.1000  48.42133  4.36771
26812.9000  48.49497  4.26223
27246.6000  48.56216  4.15876
27687.3000  48.62349  4.05731
28135.1000  48.67964  3.95787
28590.2000  48.73103  3.86042
29052.6000  48.77862  3.76496
29522.5000  48.83142  3.67147
30000.0000  48.83047  3.57994
30100.0000  48.74141  3.33541
30200.0000  48.74810  3.31807
30300.0000  48.75460  3.30072
30400.0000  48.76094  3.28338
30500.0000  48.76713  3.26660
30600.0000  48.77322  3.24983
30700.0000  48.77911  3.23305
30800.0000  48.78496  3.21628
30900.0000  48.79060  3.20006
31000.0000  48.79614  3.18384
31100.0000  48.80158  3.16762
31200.0000  48.80692  3.15140
31350.0000  48.81476  3.12776
31420.0000  48.81830  3.11673
31500.0000  48.82244  3.10413
31600.0000  48.82744  3.08861
31700.0000  48.83223  3.07309
31800.0000  48.83692  3.05757
31900.0000  48.84146  3.04205
32000.0000  48.84585  3.02703
32100.0000  48.85019  3.01201
32200.0000  48.85438  2.99699
32300.0000  48.85847  2.98197
32450.0000  48.86446  2.96006
32600.0000  48.87025  2.93816
32800.0000  48.87763  2.90976
33000.0000  48.88481  2.88136
33100.0000  48.88836  2.86743
33200.0000  48.89170  2.85351
33300.0000  48.89494  2.83959
33400.0000  48.89808  2.82567
33600.0000  48.90406  2.79869
33800.0000  48.90975  2.77171
33950.0000  48.91383  2.75199
34100.0000  48.91782  2.73228
34300.0000  48.92265  2.70664
34500.0000  48.92734  2.68100
34700.0000  48.93167  2.65613
34900.0000  48.93575  2.63126
35100.0000  48.93958  2.60719
35300.0000  48.94322  2.58311
35500.0000  48.94665  2.55977
35700.0000  48.94988  2.53641
35900.0000  48.95292  2.51368
36030.0000  48.95480  2.49890
36300.0000  48.95849  2.46909
36500.0000  48.96098  2.44700
36800.0000  48.96446  2.41501
37000.0000  48.96660  2.39368
37300.0000  48.96953  2.36280
37500.0000  48.97127  2.34221
37800.0000  48.97370  2.31239
38000.0000  48.97514  2.29251
38300.0000  48.97707  2.26376
38500.0000  48.97821  2.24459
38800.0000  48.97980  2.21679
39000.0000  48.98074  2.19826
39500.0000  48.98271  2.15347
39800.0000  48.98374  2.12747
40000.0000  48.98438  2.11013
40400.0000  48.98536  2.07640
40800.0000  48.98579  2.04267
41100.0000  48.98588  2.01857
41500.0000  48.98572  1.98644
41900.0000  48.98520  1.95580
42300.0000  48.98449  1.92517
42600.0000  48.98377  1.90324
43000.0000  48.98265  1.87401
43400.0000  48.98134  1.84594
43800.0000  48.97977  1.81788
44100.0000  48.97841  1.79777
44500.0000  48.97650  1.77096
44900.0000  48.97438  1.74531
45300.0000  48.97211  1.71966
46000.0000  48.96779  1.67669
46500.0000  48.96452  1.64704
47000.0000  48.96101  1.61823
47500.0000  48.95734  1.59060
48000.0000  48.95358  1.56297
49000.0000  48.94564  1.51069
49500.0000  48.94158  1.48559
50000.0000  48.93747  1.46115
50500.0000  48.93325  1.43743
51000.0000  48.92889  1.41370
51500.0000  48.92443  1.39118
52000.0000  48.91982  1.36866
53000.0000  48.91040  1.32588
54000.0000  48.90073  1.28519
55000.0000  48.89091  1.24647
56000.0000  48.88099  1.20943
56800.0000  48.87287  1.18104
57530.0000  48.86540  1.15605
58000.0000  48.86054  1.14040
58500.0000  48.85539  1.12413
59540.0000  48.84461  1.09145
59800.0000  48.84196  1.08351
60000.0000  48.83986  1.07747
60800.0000  48.83155  1.05372
61500.0000  48.82424  1.03361
62300.0000  48.81583  1.01137
63000.0000  48.80842  0.99253
64000.0000  48.79786  0.96657
65000.0000  48.78729  0.94167
65900.0000  48.77773  0.92006
66830.0000  48.76782  0.89855
67400.0000  48.76176  0.88575
67900.0000  48.75641  0.87477
69041.0000  48.74424  0.85050
69500.0000  48.73934  0.84104
70000.0000  48.73399  0.83092
71000.0000  48.72317  0.81119
72000.0000  48.71232  0.79219
73500.0000  48.69610  0.76498
74960.0000  48.68034  0.73991
75500.0000  48.67438  0.73096
76000.0000  48.66888  0.72283
77110.0000  48.65662  0.70529
78600.0000  48.64006  0.68278
79300.0000  48.63221  0.67260
80000.0000  48.62430  0.66265
81500.0000  48.60714  0.64204
83000.0000  48.58968  0.62244
84000.0000  48.57788  0.60989
85000.0000  48.56582  0.59774
86500.0000  48.54741  0.58021
88000.0000  48.52845  0.56350
89000.0000  48.51550  0.55277
90000.0000  48.50224  0.54236
91500.0000  48.48168  0.52730
93000.0000  48.46018  0.51289
94000.0000  48.44527  0.50363
95000.0000  48.42987  0.49463
95800.0000  48.41707  0.48768
96500.0000  48.40556  0.48160
97300.0000  48.39196  0.47494
98000.0000  48.37966  0.46911
98500.0000  48.37060  0.46509
99000.0000  48.36135  0.46107
99500.0000  48.35185  0.45715
100000.0000  48.34205  0.45324
