W2B5
60.30
13
E     f1    f2
10.0000  -9999.00000  1.61411
10.1617  -9999.00000  1.63207
10.3261  -9999.00000  1.65111
10.4931  -9999.00000  1.67004
10.6628  -9999.00000  1.68791
10.8353  -9999.00000  1.70672
11.0106  -9999.00000  1.72651
11.1886  -9999.00000  1.74731
11.3696  -9999.00000  1.76916
11.5535  -9999.00000  1.79209
11.7404  -9999.00000  1.81403
11.9303  -9999.00000  1.83097
12.1232  -9999.00000  1.84857
12.3193  -9999.00000  1.86686
12.5186  -9999.00000  1.88585
12.7210  -9999.00000  1.90557
12.9268  -9999.00000  1.92602
13.1359  -9999.00000  1.94723
13.3483  -9999.00000  1.96922
13.5642  -9999.00000  1.99202
13.7836  -9999.00000  2.01563
14.0066  -9999.00000  2.04009
14.2331  -9999.00000  2.06542
14.4633  -9999.00000  2.09164
14.6973  -9999.00000  2.11876
14.9350  -9999.00000  2.14683
15.1765  -9999.00000  2.17538
15.4220  -9999.00000  2.20219
15.6714  -9999.00000  2.22234
15.9249  -9999.00000  2.24259
16.1825  -9999.00000  2.26352
16.4442  -9999.00000  2.28515
16.7102  -9999.00000  2.30751
16.9805  -9999.00000  2.32728
17.2551  -9999.00000  2.33591
17.5342  -9999.00000  2.34482
17.8178  -9999.00000  2.35398
18.1060  -9999.00000  2.36340
18.3989  -9999.00000  2.37308
18.6964  -9999.00000  2.38304
18.9988  -9999.00000  2.39298
19.3061  -9999.00000  2.39411
19.6184  -9999.00000  2.39536
19.9357  -9999.00000  2.39672
20.2582  -9999.00000  2.39819
20.5858  -9999.00000  2.39977
20.9188  -9999.00000  2.39367
21.2571  -9999.00000  2.37353
21.6009  -9999.00000  2.35357
21.9503  -9999.00000  2.33377
22.3053  -9999.00000  2.31429
22.6661  -9999.00000  2.30432
23.0327  -9999.00000  2.29442
23.4053  -9999.00000  2.28459
23.7838  -9999.00000  2.27493
24.1685  -9999.00000  2.24316
24.5594  -9999.00000  2.19989
24.9566  -9999.00000  2.15756
25.3603  -9999.00000  2.11718
25.7705  -9999.00000  2.08668
26.1873  -9999.00000  2.05665
26.6109  -9999.00000  2.02708
27.0413  -9999.00000  1.99797
27.4786  -9999.00000  1.97189
27.9231  -9999.00000  1.95027
28.3747  -9999.00000  1.92889
28.8337  -9999.00000  1.90774
29.3000  3.29208  1.88077
29.7739  3.28135  1.84624
30.2555  3.26158  1.81296
30.7449  3.23363  1.78085
31.2421  3.19782  1.75179
31.7475  3.15716  1.72869
32.2609  3.11135  1.70591
32.7827  3.05541  1.68710
33.3130  2.99460  1.67728
33.8518  2.93101  1.66752
34.3993  2.85348  1.65782
34.9557  2.75984  1.66881
35.5211  2.66930  1.69831
36.0956  2.58490  1.72888
36.6794  2.49236  1.76061
37.2727  2.38262  1.80256
37.8755  2.26782  1.86785
38.4882  2.15269  1.93714
39.1107  2.00658  2.01065
39.7432  1.83995  2.16878
40.3861  1.71159  2.35991
41.0393  1.60684  2.57450
41.7031  1.52511  2.81559
42.3776  1.47142  3.08638
43.0630  1.46774  3.39043
43.7595  1.54059  3.67880
44.4673  1.63014  3.91604
45.1865  1.71219  4.17174
45.9174  1.82688  4.43363
46.6600  1.97228  4.70143
47.4147  2.18478  4.98817
48.1816  2.47614  5.17180
48.9609  2.73238  5.28824
49.7528  2.95288  5.40785
50.5576  3.18019  5.53023
51.3753  3.43384  5.65339
52.2062  3.70351  5.73856
53.0506  3.97028  5.82536
53.9087  4.26886  5.91385
54.7806  4.67822  5.99239
55.6667  5.09936  5.83394
56.5670  5.37815  5.67981
57.4820  5.63957  5.51359
58.4117  5.85887  5.30318
59.3564  6.02659  5.10099
60.3165  6.16693  4.90569
61.2921  6.28059  4.70472
62.2834  6.36165  4.51209
63.2908  6.41780  4.32765
64.3145  6.45070  4.16237
65.3547  6.47534  4.01363
66.4118  6.49377  3.87046
67.4859  6.50072  3.73256
68.5775  6.48443  3.59979
69.6867  6.45325  3.49954
70.8138  6.43935  3.41590
71.9591  6.42826  3.33406
73.1230  6.41637  3.25414
74.3057  6.40188  3.17619
75.5076  6.38027  3.10013
76.7289  6.35344  3.03498
77.9699  6.33081  2.97288
79.2310  6.30499  2.91193
80.5125  6.27324  2.85223
81.8147  6.23171  2.79359
83.1380  6.18407  2.76307
84.4827  6.14898  2.73429
85.8491  6.11665  2.70582
87.2377  6.08465  2.67767
88.6487  6.05063  2.64978
90.0825  6.01315  2.62310
91.5395  5.97396  2.60463
93.0201  5.93608  2.58622
94.5246  5.89606  2.56797
96.0535  5.85152  2.54988
97.6071  5.79567  2.53221
99.1858  5.73489  2.53785
100.7900  5.68350  2.54325
102.4200  5.62641  2.54844
104.0770  5.55977  2.57123
105.7600  5.50481  2.60687
107.4710  5.45788  2.64345
109.2090  5.41298  2.68123
110.9750  5.36657  2.72293
112.7700  5.32449  2.77644
114.5940  5.29186  2.83112
116.4480  5.26454  2.88670
118.3310  5.24273  2.94057
120.2450  5.22162  2.99189
122.1900  5.20036  3.04440
124.1660  5.18016  3.09813
126.1750  5.16094  3.15311
128.2150  5.14294  3.20968
130.2890  5.12628  3.26755
132.3970  5.11106  3.32674
134.5380  5.09731  3.38715
136.7140  5.08539  3.44891
138.9250  5.07667  3.51205
141.1720  5.07410  3.57665
143.4560  5.07784  3.62201
145.7760  5.06577  3.66332
148.1340  5.04487  3.70552
150.5300  5.01405  3.74848
152.9640  4.96893  3.80375
155.4390  4.92778  3.87346
157.9530  4.89001  3.94446
160.5070  4.85078  4.01708
163.1030  4.81057  4.09133
165.7420  4.76550  4.15811
168.4220  4.70446  4.22505
171.1460  4.62768  4.29351
173.9150  4.53166  4.36358
176.7270  4.40227  4.42328
179.5860  4.20554  4.48252
182.4910  3.89098  4.54265
185.4420  3.26300  4.60339
188.4420  1.73704  7.59102
191.4890  3.76520  7.60865
194.5870  4.44197  7.62844
197.7340  4.88406  7.65231
200.9320  5.22562  7.67988
204.1820  5.51274  7.70944
207.4850  5.76575  7.73624
210.8400  5.99326  7.76395
214.2510  6.20281  7.78557
217.7160  6.39389  7.80761
221.2370  6.57137  7.83055
224.8160  6.73848  7.85573
228.4520  6.89792  7.88315
232.1470  7.05152  7.91277
235.9020  7.20088  7.94462
239.7170  7.34731  7.97871
243.5950  7.49211  8.01500
247.5350  7.63647  8.05349
251.5380  7.78171  8.09418
255.6070  7.92947  8.13707
259.7410  8.08191  8.18215
263.9420  8.24591  8.22943
268.2110  8.42996  8.27890
272.5490  8.62086  8.27009
276.9570  8.78531  8.25823
281.4370  8.93802  8.24584
285.9890  9.08254  8.23354
290.6150  9.22121  8.22221
295.3150  9.35575  8.21193
300.0920  9.48857  8.20271
304.9450  9.62166  8.19136
309.8780  9.74863  8.17572
314.8900  9.87064  8.16102
319.9830  9.98936  8.14725
325.1580  10.10541  8.13436
330.4180  10.21926  8.12236
335.7620  10.33165  8.11120
341.1920  10.44354  8.09879
346.7110  10.55123  8.08565
352.3190  10.65581  8.07329
358.0170  10.75731  8.06166
363.8080  10.85374  8.05080
369.6920  10.94206  8.04201
375.6720  11.03143  8.05311
381.7480  11.12886  8.06514
387.9220  11.23030  8.07812
394.1970  11.33575  8.09218
400.5730  11.44418  8.10527
407.0520  11.55362  8.11853
413.6350  11.66403  8.13265
420.3260  11.77719  8.15253
427.1240  11.89749  8.17401
434.0320  12.02484  8.19641
441.0520  12.16254  8.21975
448.1860  12.31738  8.24388
455.4350  12.48511  8.23814
462.8020  12.65348  8.21008
470.2870  12.79970  8.17130
477.8940  12.93558  8.13289
485.6230  13.06615  8.09507
493.4780  13.19312  8.05793
501.4590  13.31825  8.02165
509.5700  13.44326  7.98571
517.8120  13.57125  7.94830
526.1870  13.69955  7.90481
534.6980  13.82790  7.84905
543.3460  13.94169  7.78773
552.1340  14.04711  7.72765
561.0650  14.14411  7.66518
570.1390  14.22030  7.60633
579.3610  14.29636  7.57915
588.7320  14.37991  7.56064
598.2540  14.47834  7.54788
607.9300  14.58692  7.53554
617.7630  14.70668  7.52357
627.7550  14.84537  7.51007
637.9080  14.99728  7.47344
648.2260  15.16040  7.40259
658.7110  15.28844  7.30991
669.3650  15.39588  7.21854
680.1910  15.48581  7.14050
691.1930  15.58111  7.07262
702.3720  15.68270  7.00687
713.7330  15.79019  6.92930
725.2770  15.88537  6.84409
737.0080  15.97374  6.76007
748.9280  16.05789  6.67714
761.0420  16.13944  6.59515
773.3510  16.21923  6.51275
785.8590  16.29865  6.42646
798.5700  16.37002  6.33726
811.4860  16.43611  6.24929
824.6110  16.49826  6.16262
837.9490  16.55735  6.07719
851.5020  16.61362  5.99180
865.2740  16.66723  5.90638
879.2690  16.71655  5.82115
893.4910  16.76250  5.73716
907.9430  16.80579  5.65438
922.6280  16.84712  5.57280
937.5510  16.88578  5.49004
952.7150  16.92141  5.40785
968.1240  16.95342  5.32633
983.7830  16.98266  5.24609
999.6950  17.01001  5.16659
1015.8600  17.03577  5.08788
1032.2900  17.05839  5.00585
1048.9900  17.07706  4.92406
1065.9600  17.09044  4.84240
1083.2000  17.09951  4.76206
1100.7200  17.10472  4.68304
1118.5200  17.10619  4.60532
1136.6100  17.10398  4.52878
1155.0000  17.09803  4.45355
1173.6800  17.08842  4.37960
1192.6600  17.07518  4.30685
1211.9500  17.05836  4.23530
1231.5500  17.03836  4.16494
1251.4700  17.01469  4.09376
1271.7200  16.98736  4.02166
1292.2900  16.95196  3.94817
1313.1900  16.90938  3.87613
1334.4300  16.85993  3.80534
1356.0100  16.80317  3.73573
1377.9400  16.73858  3.66739
1400.2300  16.66559  3.60028
1422.8800  16.58329  3.53438
1445.8900  16.49068  3.46970
1469.2800  16.38676  3.40598
1493.0400  16.26944  3.34304
1517.1900  16.13613  3.28013
1541.7300  15.98365  3.21829
1566.6700  15.80852  3.15761
1592.0100  15.60585  3.09796
1617.7600  15.36858  3.03944
1643.9200  15.08673  2.98202
1670.5100  14.74462  2.92553
1697.5300  14.31664  2.87013
1724.9900  13.75637  2.81583
1752.8900  12.96076  2.76138
1781.2400  11.61262  2.70773
1809.1000  1.94631  2.65683
1809.3000  1.94572  7.90882
1810.0500  5.50646  7.90562
1839.3200  10.91248  7.78213
1869.0700  9.28029  7.66061
1871.5000  5.66690  7.65086
1871.7000  5.67795  11.30730
1899.3000  12.97957  11.07254
1930.0200  14.45906  10.82085
1961.2400  15.42404  10.57489
1992.9600  16.14715  10.33443
2025.2000  16.72256  10.10180
2057.9500  17.19283  9.87185
2091.2400  17.58007  9.64719
2125.0600  17.89681  9.42777
2159.4300  18.14674  9.21311
2194.3600  18.32223  9.00348
2229.8500  18.38820  8.79856
2265.9200  18.05836  8.59816
2280.9000  16.12610  8.51717
2281.1000  16.13164  9.91865
2302.5700  18.56847  9.77257
2339.8100  19.23836  9.52738
2377.6600  19.64736  9.28826
2416.1100  19.95281  9.05537
2455.1900  20.18969  8.82813
2494.9000  20.36543  8.60707
2535.2600  20.45728  8.39126
2574.8000  19.60473  8.18822
2575.0000  19.60815  8.74480
2576.2600  20.05705  8.73833
2617.9300  20.83181  8.52934
2660.2700  21.09739  8.32565
2703.3000  21.28999  8.12732
2747.0300  21.43134  7.93344
2791.4600  21.49683  7.74430
2819.5000  20.97875  7.62876
2819.7000  20.97932  7.96875
2836.6100  21.58909  7.90347
2882.4900  21.86853  7.73086
2929.1100  22.05679  7.56114
2976.4800  22.21466  7.39444
3024.6300  22.35406  7.23081
3073.5500  22.47984  7.06989
3123.2600  22.59423  6.91161
3173.7800  22.69902  6.75649
3225.1100  22.79538  6.60411
3277.2700  22.88431  6.45485
3330.2800  22.96641  6.30824
3384.1500  23.04237  6.16466
3438.8800  23.11252  6.02373
3494.5000  23.17757  5.88590
3551.0200  23.23758  5.75042
3608.4600  23.29297  5.61790
3666.8200  23.34411  5.48812
3726.1300  23.39133  5.36110
3786.4000  23.43479  5.23653
3847.6400  23.47466  5.11469
3909.8700  23.51135  4.99551
3973.1100  23.54493  4.87871
4037.3800  23.57550  4.76436
4102.6800  23.60332  4.65254
4169.0300  23.62846  4.54308
4236.4600  23.65115  4.43604
4304.9800  23.67148  4.33127
4374.6200  23.68960  4.22878
4445.3700  23.70556  4.12853
4517.2700  23.71950  4.03049
4590.3300  23.73154  3.93458
4664.5800  23.74176  3.84083
4740.0300  23.75022  3.74915
4816.6900  23.75704  3.65949
4894.6000  23.76223  3.57177
4973.7700  23.76590  3.48605
5054.2100  23.76812  3.40227
5135.9600  23.76898  3.32040
5219.0300  23.76845  3.24028
5303.4400  23.76661  3.16200
5389.2200  23.76352  3.08552
5476.3900  23.75919  3.01075
5564.9700  23.75373  2.93773
5654.9800  23.74710  2.86626
5746.4400  23.73934  2.79651
5839.3900  23.73047  2.72833
5933.8300  23.72053  2.66173
6029.8100  23.70951  2.59665
6127.3300  23.69746  2.53310
6226.4400  23.68437  2.47098
6327.1500  23.67020  2.41029
6429.4800  23.65498  2.35104
6533.4800  23.63868  2.29309
6639.1500  23.62127  2.23658
6746.5400  23.60279  2.18133
6855.6500  23.58314  2.12737
6966.5400  23.56224  2.07467
7079.2200  23.54012  2.02324
7193.7200  23.51674  1.97301
7310.0700  23.49192  1.92389
7428.3100  23.46561  1.87599
7548.4500  23.43771  1.82915
7670.5400  23.40804  1.78347
7794.6100  23.37643  1.73882
7920.6800  23.34274  1.69529
8048.7900  23.30674  1.65271
8178.9800  23.26798  1.61112
8311.2600  23.22621  1.57055
8445.6900  23.18093  1.53090
8582.2900  23.13151  1.49220
8721.1100  23.07724  1.45445
8862.1600  23.01708  1.41761
9005.5000  22.94965  1.38156
9151.1600  22.87294  1.34638
9299.1700  22.78405  1.31199
9449.5800  22.67840  1.27847
9602.4200  22.54831  1.24574
9757.7300  22.37878  1.21381
9915.5500  22.13392  1.18252
10075.9000  21.69788  1.15336
10206.7000  17.66725  1.13045
10206.9000  17.66759  2.91157
10238.9000  20.92327  2.89506
10404.5000  21.95656  2.81187
10572.8000  22.28358  2.73107
10743.8000  22.45848  2.65259
10917.6000  22.55212  2.57637
11094.2000  22.58051  2.50233
11273.6000  22.52865  2.43043
11455.9000  22.28085  2.36059
11543.9000  20.33059  2.32800
11544.1000  20.33096  3.25927
11641.2000  22.36542  3.21363
11829.5000  22.69783  3.12799
12020.8000  22.75152  3.04460
12099.7000  21.88406  3.01127
12099.9000  21.88426  3.45408
12215.3000  22.97323  3.40460
12412.8000  23.24763  3.32260
12613.6000  23.42936  3.24213
12817.6000  23.57235  3.16324
13025.0000  23.69160  3.08593
13235.6000  23.79401  3.01019
13449.7000  23.88355  2.93600
13667.2000  23.96273  2.86332
13888.3000  24.03338  2.79215
14112.9000  24.09678  2.72250
14341.2000  24.15393  2.65434
14573.1000  24.20561  2.58765
14808.9000  24.25247  2.52242
15048.4000  24.29501  2.45863
15291.8000  24.33371  2.39625
15539.1000  24.36890  2.33527
15790.4000  24.40095  2.27566
16045.8000  24.43014  2.21741
16305.4000  24.45668  2.16050
16569.1000  24.48078  2.10491
16837.1000  24.50268  2.05060
17109.4000  24.52253  1.99757
17386.1000  24.54048  1.94579
17667.4000  24.55670  1.89523
17953.1000  24.57129  1.84588
18243.5000  24.58436  1.79771
18538.6000  24.59604  1.75070
18838.4000  24.60639  1.70483
19143.1000  24.61556  1.66008
19452.7000  24.62360  1.61643
19767.4000  24.63059  1.57384
20087.1000  24.63658  1.53231
20412.0000  24.64169  1.49180
20742.1000  24.64590  1.45230
21077.6000  24.64935  1.41379
21418.5000  24.65202  1.37625
21765.0000  24.65402  1.33965
22117.0000  24.65538  1.30397
22474.7000  24.65611  1.26920
22838.2000  24.65628  1.23530
23207.6000  24.65593  1.20228
23583.0000  24.65510  1.17010
23964.4000  24.65378  1.13874
24352.0000  24.65203  1.10819
24745.9000  24.64991  1.07843
25146.2000  24.64739  1.04943
25552.9000  24.64453  1.02119
25966.2000  24.64133  0.99368
26386.1000  24.63784  0.96688
26812.9000  24.63406  0.94079
27246.6000  24.63004  0.91537
27687.3000  24.62575  0.89063
28135.1000  24.62127  0.86652
28590.2000  24.61658  0.84306
29052.6000  24.61184  0.82021
29522.5000  24.60904  0.79796
30000.0000  24.59463  0.77631
