W3Si4
95.06
13
E     f1    f2
10.0000  -4298.82334  0.90033
10.1617  -4298.81127  0.93762
10.3261  -4298.79899  0.97650
10.4931  -4298.78652  1.01518
10.6628  -4298.77385  1.05222
10.8353  -4298.76097  1.09066
11.0106  -4298.74788  1.13053
11.1886  -4298.73459  1.17189
11.3696  -4298.72108  1.21480
11.5535  -4298.70735  1.25931
11.7404  -4298.69339  1.30229
11.9303  -4298.67921  1.33774
12.1232  -4298.66481  1.37416
12.3193  -4298.65017  1.41158
12.5186  -4298.63528  1.45003
12.7210  -4298.62017  1.48954
12.9268  -4298.60481  1.53014
13.1359  -4298.58919  1.57186
13.3483  -4298.57333  1.61473
13.5642  -4298.55721  1.65878
13.7836  -4298.54083  1.70405
14.0066  -4298.52418  1.75056
14.2331  -4298.50727  1.79835
14.4633  -4298.49008  1.84747
14.6973  -4298.47261  1.89794
14.9350  -4298.45486  1.94980
15.1765  -4298.43683  2.00309
15.4220  -4298.41850  2.05785
15.6714  -4298.39988  2.10251
15.9249  -4298.38095  2.14722
16.1825  -4298.36172  2.19288
16.4442  -4298.34218  2.23951
16.7102  -4298.32231  2.28715
16.9805  -4298.30213  2.33082
17.2551  -4298.28163  2.35767
17.5342  -4298.26079  2.38484
17.8178  -4298.23961  2.41232
18.1060  -4298.21810  2.44013
18.3989  -4298.19623  2.46825
18.6964  -4298.17401  2.49670
18.9988  -4298.15143  2.52509
19.3061  -4298.12849  2.54014
19.6184  -4298.10517  2.55530
19.9357  -4298.08148  2.57057
20.2582  -4298.05740  2.58595
20.5858  -4298.03294  2.60143
20.9188  -4298.00807  2.60529
21.2571  -4297.98282  2.58800
21.6009  -4297.95714  2.57091
21.9503  -4297.93106  2.55401
22.3053  -4297.90455  2.53753
22.6661  -4297.87761  2.53531
23.0327  -4297.85024  2.53313
23.4053  -4297.82242  2.53101
23.7838  -4297.79416  2.52894
24.1685  -4297.76543  2.49345
24.5594  -4297.73625  2.44063
24.9566  -4297.70659  2.38919
25.3603  -4297.67645  2.34062
25.7705  -4297.64582  2.30690
26.1873  -4297.61470  2.27384
26.6109  -4297.58307  2.24144
27.0413  -4297.55093  2.20970
27.4786  -4297.51828  2.18249
27.9231  -4297.48509  2.16195
28.3747  -4297.45137  2.14175
28.8337  -4297.41710  2.12187
29.3000  4.23768  2.09322
29.7739  4.19748  2.05038
30.2555  4.14476  2.00856
30.7449  4.07994  1.96771
31.2421  4.00276  1.93144
31.7475  3.91841  1.90450
32.2609  3.82682  1.87916
32.7827  3.72090  1.85976
33.3130  3.60819  1.85385
33.8518  3.49172  1.84801
34.3993  3.35458  1.84223
34.9557  3.19319  1.86752
35.5211  3.03684  1.92162
36.0956  2.89048  1.97737
36.6794  2.73245  2.03483
37.2727  2.54900  2.10762
37.8755  2.35831  2.21547
38.4882  2.16752  2.32930
39.1107  1.93064  2.44943
39.7432  1.66349  2.69611
40.3861  1.45364  2.99183
41.0393  1.27879  3.32307
41.7031  1.13875  3.69410
42.3776  1.04083  4.10971
43.0630  1.01806  4.57525
43.7595  1.11026  5.01714
44.4673  1.22736  5.38211
45.1865  1.33294  5.77490
45.9174  1.48769  6.17737
46.6600  1.68870  6.58833
47.4147  1.99033  7.02750
48.1816  2.41006  7.31158
48.9609  2.77655  7.49456
49.7528  3.08862  7.68223
50.5576  3.41034  7.87476
51.3753  3.77160  8.06871
52.2062  4.15631  8.20542
53.0506  4.53603  8.34497
53.9087  4.96353  8.48813
54.7806  5.55765  8.61626
55.6667  6.16922  8.38798
56.5670  6.56629  8.16612
57.4820  6.93658  7.92600
58.4117  7.24235  7.61938
59.3564  7.46824  7.32524
60.3165  7.65277  7.04554
61.2921  7.79842  6.75797
62.2834  7.89582  6.48336
63.2908  7.95652  6.22112
64.3145  7.98295  5.98773
65.3547  7.99928  5.77892
66.4118  8.00498  5.57381
67.4859  7.99157  5.37654
68.5775  7.94243  5.18691
69.6867  7.87143  5.04635
70.8138  7.82760  4.92583
71.9591  7.78239  4.80301
73.1230  7.73120  4.68321
74.3057  7.67415  4.56643
75.5076  7.60487  4.44761
76.7289  7.51828  4.34176
77.9699  7.42776  4.24122
79.2310  7.32446  4.14347
80.5125  7.20511  4.05856
81.8147  7.06977  3.97542
83.1380  6.91999  3.93460
84.4827  6.77877  3.89666
85.8491  6.63421  3.86511
87.2377  6.48437  3.83396
88.6487  6.31973  3.80320
90.0825  6.13457  3.77427
91.5395  5.92583  3.75853
93.0201  5.69163  3.74469
94.5246  5.41389  3.73115
96.0535  5.05929  3.71790
97.6071  4.54014  3.70533
99.1858  3.43737  3.72786
100.7900  3.98181  5.94439
102.4200  4.52397  5.73055
104.0770  4.33200  5.60544
105.7600  4.10590  5.89073
107.4710  4.02013  6.25524
109.2090  3.96398  6.54068
110.9750  3.91551  6.87107
112.7700  3.90218  7.22254
114.5940  3.84232  7.56839
116.4480  3.87875  8.10564
118.3310  4.14332  8.58438
120.2450  4.45610  8.87407
122.1900  4.70062  9.14746
124.1660  4.94977  9.34339
126.1750  5.14577  9.53764
128.2150  5.32470  9.76784
130.2890  5.54814  10.04788
132.3970  5.94228  10.29357
134.5380  6.39436  10.30335
136.7140  6.54844  10.14592
138.9250  6.58028  10.20522
141.1720  6.63914  10.36970
143.4560  6.77374  10.47658
145.7760  6.89513  10.69417
148.1340  7.09734  10.86083
150.5300  7.22360  10.96595
152.9640  7.43114  11.23162
155.4390  7.62079  11.10129
157.9530  7.59580  11.34279
160.5070  7.71880  11.63915
163.1030  8.01025  11.98544
165.7420  8.35845  12.20244
168.4220  8.81139  12.39405
171.1460  9.31721  12.42551
173.9150  9.69189  12.21125
176.7270  9.83294  12.00028
179.5860  9.86288  11.95092
182.4910  9.95791  12.03557
185.4420  10.10723  12.08708
188.4420  10.25153  12.14724
191.4890  10.40452  12.20566
194.5870  10.55977  12.26631
197.7340  10.71577  12.32910
200.9320  10.87269  12.39416
204.1820  11.03040  12.46668
207.4850  11.19811  12.53974
210.8400  11.36702  12.61327
214.2510  11.54065  12.68876
217.7160  11.72108  12.76609
221.2370  11.91373  12.84493
224.8160  12.10810  12.89773
228.4520  12.29615  12.95310
232.1470  12.47986  13.01101
235.9020  12.66475  13.07151
239.7170  12.85216  13.13462
243.5950  13.04383  13.20033
247.5350  13.24337  13.26868
251.5380  13.44869  13.33147
255.6070  13.65902  13.39402
259.7410  13.87520  13.45958
263.9420  14.11019  13.52815
268.2110  14.37661  13.59973
272.5490  14.65389  13.58337
276.9570  14.89165  13.56408
281.4370  15.11393  13.54599
285.9890  15.32736  13.52910
290.6150  15.53513  13.51339
295.3150  15.74070  13.49880
300.0920  15.94596  13.48294
304.9450  16.15201  13.46019
309.8780  16.34811  13.43078
314.8900  16.53706  13.40254
319.9830  16.72148  13.37548
325.1580  16.90253  13.34959
330.4180  17.08096  13.32481
335.7620  17.25776  13.30111
341.1920  17.43478  13.27543
346.7110  17.60644  13.24844
352.3190  17.77450  13.22249
358.0170  17.94033  13.19752
363.8080  18.10162  13.17359
369.6920  18.25564  13.14321
375.6720  18.40358  13.13804
381.7480  18.56006  13.13469
387.9220  18.72033  13.13304
394.1970  18.88344  13.13309
400.5730  19.04925  13.13487
407.0520  19.21770  13.13830
413.6350  19.38767  13.14335
420.3260  19.56170  13.15726
427.1240  19.74627  13.17381
434.0320  19.94131  13.19203
441.0520  20.15170  13.21188
448.1860  20.38743  13.23332
455.4350  20.64328  13.21076
462.8020  20.90088  13.15513
470.2870  21.12549  13.08023
477.8940  21.33298  13.00620
485.6230  21.53173  12.93337
493.4780  21.72446  12.86187
501.4590  21.91399  12.79198
509.5700  22.10289  12.72289
517.8120  22.29585  12.65201
526.1870  22.48878  12.57254
534.6980  22.68179  12.47549
543.3460  22.85334  12.37058
552.1340  23.01284  12.26777
561.0650  23.15991  12.16046
570.1390  23.27483  12.05847
579.3610  23.39021  12.00521
588.7320  23.51715  11.96378
598.2540  23.66540  11.92957
607.9300  23.82758  11.89637
617.7630  24.00559  11.86409
627.7550  24.21124  11.82995
637.9080  24.43558  11.76227
648.2260  24.67671  11.64472
658.7110  24.86628  11.49538
669.3650  25.02593  11.34817
680.1910  25.16000  11.21901
691.1930  25.30020  11.10375
702.3720  25.44685  10.99322
713.7330  25.60229  10.86790
725.2770  25.74081  10.73216
737.0080  25.86986  10.59831
748.9280  25.99294  10.46617
761.0420  26.11246  10.33555
773.3510  26.22948  10.20446
785.8590  26.34647  10.06774
798.5700  26.45288  9.92644
811.4860  26.55084  9.78476
824.6110  26.64135  9.64525
837.9490  26.72681  9.50782
851.5020  26.80768  9.37080
865.2740  26.88435  9.23407
879.2690  26.95458  9.09792
893.4910  27.02071  8.96384
907.9430  27.08298  8.83038
922.6280  27.14103  8.69756
937.5510  27.19394  8.56306
952.7150  27.24147  8.42968
968.1240  27.28278  8.29759
983.7830  27.31931  8.16770
999.6950  27.35236  8.03925
1015.8600  27.38236  7.91224
1032.2900  27.40702  7.78089
1048.9900  27.42537  7.65018
1065.9600  27.43521  7.51995
1083.2000  27.43764  7.39192
1100.7200  27.43278  7.26711
1118.5200  27.42303  7.14564
1136.6100  27.40813  7.02599
1155.0000  27.38748  6.90840
1173.6800  27.36094  6.79282
1192.6600  27.32862  6.67910
1211.9500  27.29036  6.56725
1231.5500  27.24678  6.45722
1251.4700  27.19698  6.34607
1271.7200  27.14094  6.23363
1292.2900  27.07194  6.11919
1313.1900  26.99125  6.00691
1334.4300  26.89912  5.89657
1356.0100  26.79479  5.78807
1377.9400  26.67727  5.68156
1400.2300  26.54564  5.57695
1422.8800  26.39818  5.47419
1445.8900  26.23310  5.37333
1469.2800  26.04873  5.27399
1493.0400  25.84152  5.17592
1517.1900  25.60701  5.07768
1541.7300  25.33969  4.98108
1566.6700  25.03343  4.88628
1592.0100  24.67984  4.79313
1617.7600  24.26695  4.70175
1643.9200  23.77751  4.61209
1670.5100  23.18494  4.52394
1697.5300  22.44582  4.43748
1724.9900  21.48203  4.35277
1752.8900  20.12296  4.26767
1781.2400  17.85562  4.18379
1809.1000  2.90197  4.10418
1809.3000  2.89807  12.00052
1810.0500  8.24031  11.99561
1839.3200  13.52719  13.96698
1869.0700  14.06532  13.73521
1871.5000  8.67401  13.71669
1871.7000  8.69404  19.21382
1899.3000  20.14239  18.81704
1930.0200  22.67906  18.39161
1961.2400  24.35644  17.97578
1992.9600  25.62173  17.56921
2025.2000  26.63571  17.17661
2057.9500  27.46976  16.78622
2091.2400  28.16155  16.40431
2125.0600  28.73425  16.03086
2159.4300  29.19585  15.66516
2194.3600  29.53671  15.30764
2229.8500  29.70552  14.95786
2265.9200  29.27278  14.61549
2280.9000  26.39124  14.47724
2281.1000  26.39988  16.58414
2302.5700  30.09746  16.34088
2339.8100  31.15748  15.93250
2377.6600  31.82089  15.53390
2416.1100  32.32478  15.14540
2455.1900  32.72209  14.76604
2494.9000  33.02423  14.39670
2535.2600  33.19747  14.03594
2574.8000  31.94702  13.69637
2575.0000  31.95233  14.53301
2576.2600  32.62824  14.52219
2617.9300  33.82324  14.17305
2660.2700  34.25040  13.83254
2703.3000  34.56583  13.50085
2747.0300  34.80235  13.17648
2791.4600  34.92296  12.85989
2819.5000  34.15683  12.66666
2819.7000  34.15778  13.17770
2836.6100  35.08229  13.06777
2882.4900  35.52153  12.77740
2929.1100  35.82222  12.49202
2976.4800  36.07589  12.21190
3024.6300  36.30060  11.93704
3073.5500  36.50366  11.66689
3123.2600  36.68854  11.40132
3173.7800  36.85800  11.14114
3225.1100  37.01382  10.88571
3277.2700  37.15754  10.63558
3330.2800  37.29021  10.39002
3384.1500  37.41283  10.14961
3438.8800  37.52600  9.91377
3494.5000  37.63084  9.68319
3551.0200  37.72739  9.45666
3608.4600  37.81640  9.23516
3666.8200  37.89850  9.01832
3726.1300  37.97414  8.80618
3786.4000  38.04365  8.59823
3847.6400  38.10723  8.39491
3909.8700  38.16560  8.19608
3973.1100  38.21894  8.00134
4037.3800  38.26732  7.81076
4102.6800  38.31119  7.62446
4169.0300  38.35067  7.44217
4236.4600  38.38617  7.26399
4304.9800  38.41788  7.08966
4374.6200  38.44589  6.91918
4445.3700  38.47046  6.75251
4517.2700  38.49169  6.58959
4590.3300  38.50987  6.43027
4664.5800  38.52506  6.27460
4740.0300  38.53743  6.12242
4816.6900  38.54718  5.97367
4894.6000  38.55426  5.82823
4973.7700  38.55889  5.68612
5054.2100  38.56123  5.54733
5135.9600  38.56138  5.41172
5219.0300  38.55931  5.27908
5303.4400  38.55515  5.14956
5389.2200  38.54905  5.02308
5476.3900  38.54093  4.89945
5564.9700  38.53104  4.77879
5654.9800  38.51933  4.66075
5746.4400  38.50584  4.54559
5839.3900  38.49062  4.43307
5933.8300  38.47376  4.32321
6029.8100  38.45522  4.21590
6127.3300  38.43507  4.11116
6226.4400  38.41332  4.00883
6327.1500  38.38994  3.90890
6429.4800  38.36492  3.81136
6533.4800  38.33832  3.71606
6639.1500  38.30998  3.62311
6746.5400  38.28007  3.53230
6855.6500  38.24839  3.44365
6966.5400  38.21483  3.35709
7079.2200  38.17946  3.27267
7193.7200  38.14221  3.19024
7310.0700  38.10283  3.10970
7428.3100  38.06120  3.03117
7548.4500  38.01728  2.95443
7670.5400  37.97070  2.87961
7794.6100  37.92131  2.80651
7920.6800  37.86889  2.73528
8048.7900  37.81304  2.66564
8178.9800  37.75314  2.59764
8311.2600  37.68884  2.53134
8445.6900  37.61942  2.46659
8582.2900  37.54399  2.40340
8721.1100  37.46148  2.34179
8862.1600  37.37045  2.28169
9005.5000  37.26896  2.22292
9151.1600  37.15418  2.16559
9299.1700  37.02210  2.10958
9449.5800  36.86671  2.05500
9602.4200  36.67917  2.00173
9757.7300  36.45217  1.94978
9915.5500  36.05992  1.89892
10075.9000  35.37190  1.85137
10206.7000  29.30554  1.81403
10206.9000  29.30605  4.49195
10238.9000  34.19941  4.46641
10404.5000  35.74462  4.33784
10572.8000  36.22926  4.21297
10743.8000  36.48615  4.09169
10917.6000  36.62156  3.97389
11094.2000  36.65941  3.85949
11273.6000  36.57707  3.74838
11455.9000  36.20047  3.64046
11543.9000  33.26650  3.59012
11544.1000  33.26705  4.99028
11641.2000  36.32391  4.92018
11829.5000  36.82023  4.78866
12020.8000  36.89775  4.66063
12099.7000  35.59228  4.60947
12099.9000  35.59258  5.27523
12215.3000  37.22801  5.19932
12412.8000  37.63770  5.07351
12613.6000  37.90824  4.95011
12817.6000  38.12069  4.82914
13025.0000  38.29757  4.71061
13235.6000  38.44923  4.59452
13449.7000  38.58165  4.48082
13667.2000  38.69863  4.36947
13888.3000  38.80280  4.26045
14112.9000  38.89621  4.15376
14341.2000  38.98031  4.04938
14573.1000  39.05626  3.94727
14808.9000  39.12500  3.84740
15048.4000  39.18736  3.74975
15291.8000  39.24396  3.65428
15539.1000  39.29538  3.56097
15790.4000  39.34213  3.46977
16045.8000  39.38464  3.38066
16305.4000  39.42315  3.29360
16569.1000  39.45811  3.20857
16837.1000  39.48977  3.12553
17109.4000  39.51844  3.04444
17386.1000  39.54428  2.96527
17667.4000  39.56749  2.88798
17953.1000  39.58837  2.81254
18243.5000  39.60696  2.73893
18538.6000  39.62351  2.66709
18838.4000  39.63808  2.59700
19143.1000  39.65090  2.52862
19452.7000  39.66210  2.46192
19767.4000  39.67171  2.39687
20087.1000  39.67981  2.33343
20412.0000  39.68664  2.27156
20742.1000  39.69219  2.21125
21077.6000  39.69659  2.15244
21418.5000  39.69982  2.09512
21765.0000  39.70207  2.03924
22117.0000  39.70344  1.98478
22474.7000  39.70386  1.93170
22838.2000  39.70342  1.87998
23207.6000  39.70220  1.82958
23583.0000  39.70031  1.78047
23964.4000  39.69775  1.73263
24352.0000  39.69449  1.68602
24745.9000  39.69072  1.64062
25146.2000  39.68641  1.59639
25552.9000  39.68158  1.55332
25966.2000  39.67624  1.51136
26386.1000  39.67047  1.47050
26812.9000  39.66432  1.43071
27246.6000  39.65779  1.39196
27687.3000  39.65087  1.35423
28135.1000  39.64371  1.31749
28590.2000  39.63624  1.28173
29052.6000  39.62869  1.24690
29522.5000  39.62429  1.21300
30000.0000  39.60203  1.17999
