WSi
105.97
13
E     f1    f2
10.0000  -4998.84503  1.02624
10.1617  -4998.83444  1.06926
10.3261  -4998.82368  1.11414
10.4931  -4998.81274  1.15877
10.6628  -4998.80162  1.20149
10.8353  -4998.79032  1.24583
11.0106  -4998.77884  1.29182
11.1886  -4998.76718  1.33955
11.3696  -4998.75533  1.38908
11.5535  -4998.74329  1.44046
11.7404  -4998.73104  1.49005
11.9303  -4998.71861  1.53087
12.1232  -4998.70597  1.57282
12.3193  -4998.69313  1.61593
12.5186  -4998.68007  1.66023
12.7210  -4998.66682  1.70575
12.9268  -4998.65334  1.75254
13.1359  -4998.63964  1.80062
13.3483  -4998.62573  1.85002
13.5642  -4998.61159  1.90080
13.7836  -4998.59722  1.95298
14.0066  -4998.58262  2.00660
14.2331  -4998.56778  2.06171
14.4633  -4998.55270  2.11835
14.6973  -4998.53738  2.17655
14.9350  -4998.52181  2.23636
15.1765  -4998.50599  2.29783
15.4220  -4998.48991  2.36099
15.6714  -4998.47358  2.41241
15.9249  -4998.45697  2.46387
16.1825  -4998.44010  2.51644
16.4442  -4998.42296  2.57012
16.7102  -4998.40554  2.62496
16.9805  -4998.38784  2.67518
17.2551  -4998.36985  2.70584
17.5342  -4998.35157  2.73685
17.8178  -4998.33299  2.76823
18.1060  -4998.31412  2.79996
18.3989  -4998.29493  2.83206
18.6964  -4998.27545  2.86453
18.9988  -4998.25564  2.89691
19.3061  -4998.23552  2.91378
19.6184  -4998.21506  2.93076
19.9357  -4998.19428  2.94786
20.2582  -4998.17316  2.96507
20.5858  -4998.15170  2.98240
20.9188  -4998.12989  2.98620
21.2571  -4998.10773  2.96539
21.6009  -4998.08521  2.94481
21.9503  -4998.06233  2.92445
22.3053  -4998.03908  2.90455
22.6661  -4998.01545  2.90122
23.0327  -4997.99144  2.89793
23.4053  -4997.96703  2.89469
23.7838  -4997.94224  2.89151
24.1685  -4997.91705  2.84944
24.5594  -4997.89144  2.78721
24.9566  -4997.86543  2.72658
25.3603  -4997.83899  2.66927
25.7705  -4997.81212  2.62921
26.1873  -4997.78482  2.58991
26.6109  -4997.75708  2.55137
27.0413  -4997.72889  2.51357
27.4786  -4997.70025  2.48102
27.9231  -4997.67113  2.45622
28.3747  -4997.64155  2.43180
28.8337  -4997.61149  2.40774
29.3000  4.30273  2.37346
29.7739  4.26038  2.32347
30.2555  4.20331  2.27465
30.7449  4.13205  2.22698
31.2421  4.04644  2.18462
31.7475  3.95244  2.15299
32.2609  3.84987  2.12289
32.7827  3.73038  2.09968
33.3130  3.60281  2.09217
33.8518  3.47075  2.08471
34.3993  3.31455  2.07733
34.9557  3.13005  2.10607
35.5211  2.95133  2.16829
36.0956  2.78414  2.23244
36.6794  2.60331  2.29857
37.2727  2.39285  2.38250
37.8755  2.17390  2.50721
38.4882  1.95475  2.63885
39.1107  1.68188  2.77782
39.7432  1.37363  3.06411
40.3861  1.13206  3.40772
41.0393  0.93144  3.79262
41.7031  0.77135  4.22378
42.3776  0.66030  4.70678
43.0630  0.63669  5.24784
43.7595  0.74684  5.76141
44.4673  0.88601  6.18552
45.1865  1.01184  6.64199
45.9174  1.19489  7.10972
46.6600  1.43180  7.58740
47.4147  1.78585  8.09794
48.1816  2.27739  8.42813
48.9609  2.70719  8.64077
49.7528  3.07385  8.85886
50.5576  3.45190  9.08261
51.3753  3.87611  9.30800
52.2062  4.32791  9.46685
53.0506  4.77419  9.62885
53.9087  5.27611  9.79472
54.7806  5.97183  9.94311
55.6667  6.68797  9.67706
56.5670  7.15488  9.41848
57.4820  7.59089  9.13866
58.4117  7.95223  8.78150
59.3564  8.22135  8.43887
60.3165  8.44250  8.11192
61.2921  8.61816  7.77565
62.2834  8.73760  7.45441
63.2908  8.81432  7.14752
64.3145  8.85107  6.87411
65.3547  8.87550  6.62934
66.4118  8.88801  6.39018
67.4859  8.87890  6.16013
68.5775  8.82851  5.93895
69.6867  8.75258  5.77484
70.8138  8.70797  5.63544
71.9591  8.66350  5.49487
73.1230  8.61357  5.35778
74.3057  8.55752  5.22413
75.5076  8.48779  5.08947
76.7289  8.40072  4.97084
77.9699  8.31208  4.85815
79.2310  8.21095  4.74842
80.5125  8.09330  4.65046
81.8147  7.95752  4.55455
83.1380  7.80660  4.50784
84.4827  7.66874  4.46437
85.8491  7.52925  4.42661
87.2377  7.38540  4.38928
88.6487  7.22781  4.35241
90.0825  7.05086  4.31764
91.5395  6.85263  4.29796
93.0201  6.63279  4.27998
94.5246  6.37399  4.26229
96.0535  6.04601  4.24489
97.6071  5.56898  4.22824
99.1858  4.57796  4.25234
100.7900  5.03603  6.20103
102.4200  5.48999  6.01783
104.0770  5.29617  5.91996
105.7600  5.07773  6.18756
107.4710  4.98617  6.52495
109.2090  4.92172  6.79329
110.9750  4.86352  7.10258
112.7700  4.83807  7.43537
114.5940  4.77600  7.76378
116.4480  4.80098  8.26066
118.3310  5.02885  8.70550
120.2450  5.29974  8.98338
122.1900  5.51107  9.24744
124.1660  5.72735  9.44404
126.1750  5.89788  9.63968
128.2150  6.05445  9.86750
130.2890  6.25116  10.13956
132.3970  6.59878  10.38203
134.5380  6.99850  10.41811
136.7140  7.13835  10.30808
138.9250  7.17316  10.38872
141.1720  7.23520  10.56222
143.4560  7.36739  10.67689
145.7760  7.48240  10.88692
148.1340  7.66578  11.05250
150.5300  7.77955  11.16436
152.9640  7.96011  11.42255
155.4390  8.12881  11.33968
157.9530  8.11321  11.58360
160.5070  8.22985  11.87630
163.1030  8.49749  12.21345
165.7420  8.81741  12.43395
168.4220  9.22826  12.63220
171.1460  9.68662  12.69050
173.9150  10.03253  12.53380
176.7270  10.17521  12.37535
179.5860  10.21769  12.35844
182.4910  10.31671  12.45948
185.4420  10.46243  12.53182
188.4420  10.60296  12.61421
191.4890  10.75339  12.69638
194.5870  10.90693  12.78100
197.7340  11.06219  12.86799
200.9320  11.21945  12.95748
204.1820  11.37919  13.05402
207.4850  11.54923  13.14951
210.8400  11.71989  13.24548
214.2510  11.89527  13.34363
217.7160  12.07736  13.44387
221.2370  12.27106  13.54590
224.8160  12.46725  13.62557
228.4520  12.65900  13.70798
232.1470  12.84815  13.79312
235.9020  13.03970  13.88103
239.7170  13.23495  13.97175
243.5950  13.43565  14.06526
247.5350  13.64520  14.16162
251.5380  13.86210  14.25362
255.6070  14.08615  14.34596
259.7410  14.31885  14.44149
263.9420  14.57435  14.54021
268.2110  14.86720  14.64214
272.5490  15.17340  14.64152
276.9570  15.43425  14.63720
281.4370  15.67765  14.63399
285.9890  15.91120  14.63190
290.6150  16.13855  14.63090
295.3150  16.36325  14.63093
300.0920  16.58785  14.62992
304.9450  16.81410  14.62155
309.8780  17.02975  14.60514
314.8900  17.23770  14.58978
319.9830  17.44090  14.57548
325.1580  17.64060  14.56225
330.4180  17.83760  14.55002
335.7620  18.03305  14.53876
341.1920  18.22895  14.52492
346.7110  18.41880  14.50927
352.3190  18.60455  14.49456
358.0170  18.78740  14.48073
363.8080  18.96445  14.46785
369.6920  19.13195  14.44989
375.6720  19.29485  14.46232
381.7480  19.46900  14.47645
387.9220  19.64840  14.49215
394.1970  19.83180  14.50946
400.5730  20.01890  14.52838
407.0520  20.20955  14.54885
413.6350  20.40240  14.57084
420.3260  20.60035  14.60278
427.1240  20.81090  14.63744
434.0320  21.03390  14.67369
441.0520  21.27500  14.71152
448.1860  21.54580  14.75086
455.4350  21.83995  14.73872
462.8020  22.13620  14.68788
470.2870  22.39430  14.61535
477.8940  22.63320  14.54349
485.6230  22.86235  14.47268
493.4780  23.08485  14.40308
501.4590  23.30390  14.33503
509.5700  23.52245  14.26760
517.8120  23.74595  14.19777
526.1870  23.96960  14.11766
534.6980  24.19350  14.01681
543.3460  24.39260  13.90653
552.1340  24.57780  13.79842
561.0650  24.74865  13.68480
570.1390  24.88220  13.57710
579.3610  25.01600  13.52580
588.7320  25.16330  13.48848
598.2540  25.33580  13.45982
607.9300  25.52495  13.43206
617.7630  25.73280  13.40507
627.7550  25.97300  13.37563
637.9080  26.23515  13.30693
648.2260  26.51700  13.17998
658.7110  26.73905  13.01581
669.3650  26.92650  12.85386
680.1910  27.08440  12.71266
691.1930  27.24970  12.58739
702.3720  27.42280  12.46694
713.7330  27.60590  12.32871
725.2770  27.76910  12.17817
737.0080  27.92120  12.02966
748.9280  28.06630  11.88297
761.0420  28.20720  11.73789
773.3510  28.34515  11.59210
785.8590  28.48295  11.43960
798.5700  28.60805  11.28173
811.4860  28.72350  11.12394
824.6110  28.83075  10.96848
837.9490  28.93225  10.81526
851.5020  29.02850  10.66233
865.2740  29.11995  10.50958
879.2690  29.20395  10.35734
893.4910  29.28295  10.20735
907.9430  29.35745  10.05829
922.6280  29.42745  9.91021
937.5510  29.49180  9.75998
952.7150  29.55010  9.61086
968.1240  29.60135  9.46307
983.7830  29.64720  9.31765
999.6950  29.68915  9.17375
1015.8600  29.72770  9.03136
1032.2900  29.76020  8.88378
1048.9900  29.78550  8.73676
1065.9600  29.80110  8.59017
1083.2000  29.80835  8.44598
1100.7200  29.80755  8.30511
1118.5200  29.80085  8.16765
1136.6100  29.78805  8.03221
1155.0000  29.76860  7.89907
1173.6800  29.74240  7.76818
1192.6600  29.70955  7.63935
1211.9500  29.66995  7.51263
1231.5500  29.62430  7.38794
1251.4700  29.57160  7.26186
1271.7200  29.51185  7.13419
1292.2900  29.43725  7.00412
1313.1900  29.34930  6.87652
1334.4300  29.24835  6.75109
1356.0100  29.13355  6.62773
1377.9400  29.00380  6.50661
1400.2300  28.85805  6.38763
1422.8800  28.69440  6.27074
1445.8900  28.51085  6.15600
1469.2800  28.30550  6.04296
1493.0400  28.07435  5.93133
1517.1900  27.81235  5.81954
1541.7300  27.51335  5.70960
1566.6700  27.17045  5.60169
1592.0100  26.77420  5.49564
1617.7600  26.31105  5.39159
1643.9200  25.76160  5.28947
1670.5100  25.09580  5.18904
1697.5300  24.26455  5.09053
1724.9900  23.17940  4.99400
1752.8900  21.64645  4.89702
1781.2400  19.07950  4.80143
1809.1000  1.81239  4.71070
1809.3000  1.80872  13.89250
1810.0500  8.02388  13.88685
1839.3200  14.98363  15.56406
1869.0700  14.75561  15.30951
1871.5000  8.47488  15.28915
1871.7000  8.49720  21.68126
1899.3000  21.67560  21.23323
1930.0200  24.53680  20.75284
1961.2400  26.42330  20.28332
1992.9600  27.84445  19.82424
2025.2000  28.98170  19.38074
2057.9500  29.91595  18.94033
2091.2400  30.68975  18.50961
2125.0600  31.32880  18.08852
2159.4300  31.84170  17.67627
2194.3600  32.21670  17.27332
2229.8500  32.39375  16.87917
2265.9200  31.87315  16.49343
2280.9000  28.51603  16.33764
2281.1000  28.52599  18.78758
2302.5700  32.81620  18.51184
2339.8100  34.03430  18.04894
2377.6600  34.79245  17.59719
2416.1100  35.36620  17.15697
2455.1900  35.81700  16.72717
2494.9000  36.15805  16.30880
2535.2600  36.35000  15.90019
2574.8000  34.88754  15.51561
2575.0000  34.89367  16.48850
2576.2600  35.67935  16.47625
2617.9300  37.06080  16.08073
2660.2700  37.55005  15.69504
2703.3000  37.90995  15.31937
2747.0300  38.17860  14.95203
2791.4600  38.31300  14.59352
2819.5000  37.41879  14.37466
2819.7000  37.41986  14.96893
2836.6100  38.49285  14.84464
2882.4900  38.99860  14.51620
2929.1100  39.34365  14.19338
2976.4800  39.63440  13.87646
3024.6300  39.89180  13.56545
3073.5500  40.12435  13.25972
3123.2600  40.33605  12.95914
3173.7800  40.53010  12.66463
3225.1100  40.70855  12.37546
3277.2700  40.87320  12.09226
3330.2800  41.02520  11.81420
3384.1500  41.16575  11.54195
3438.8800  41.29550  11.27483
3494.5000  41.41575  11.01366
3551.0200  41.52655  10.75704
3608.4600  41.62875  10.50608
3666.8200  41.72305  10.26039
3726.1300  41.81000  10.02000
3786.4000  41.88995  9.78432
3847.6400  41.96315  9.55388
3909.8700  42.03040  9.32850
3973.1100  42.09190  9.10773
4037.3800  42.14775  8.89165
4102.6800  42.19845  8.68041
4169.0300  42.24415  8.47369
4236.4600  42.28530  8.27161
4304.9800  42.32210  8.07387
4374.6200  42.35470  7.88049
4445.3700  42.38335  7.69140
4517.2700  42.40820  7.50655
4590.3300  42.42955  7.32577
4664.5800  42.44750  7.14911
4740.0300  42.46220  6.97640
4816.6900  42.47390  6.80754
4894.6000  42.48255  6.64244
4973.7700  42.48840  6.48110
5054.2100  42.49160  6.32350
5135.9600  42.49230  6.16951
5219.0300  42.49045  6.01887
5303.4400  42.48620  5.87176
5389.2200  42.47970  5.72808
5476.3900  42.47090  5.58763
5564.9700  42.46005  5.45053
5654.9800  42.44710  5.31640
5746.4400  42.43210  5.18553
5839.3900  42.41510  5.05764
5933.8300  42.39620  4.93276
6029.8100  42.37535  4.81077
6127.3300  42.35265  4.69169
6226.4400  42.32810  4.57533
6327.1500  42.30165  4.46169
6429.4800  42.27330  4.35076
6533.4800  42.24310  4.24235
6639.1500  42.21090  4.13663
6746.5400  42.17685  4.03331
6855.6500  42.14075  3.93244
6966.5400  42.10245  3.83395
7079.2200  42.06205  3.73787
7193.7200  42.01945  3.64405
7310.0700  41.97435  3.55237
7428.3100  41.92665  3.46297
7548.4500  41.87625  3.37559
7670.5400  41.82275  3.29040
7794.6100  41.76595  3.20715
7920.6800  41.70560  3.12602
8048.7900  41.64125  3.04669
8178.9800  41.57215  2.96923
8311.2600  41.49790  2.89370
8445.6900  41.41765  2.81991
8582.2900  41.33035  2.74790
8721.1100  41.23475  2.67769
8862.1600  41.12915  2.60919
9005.5000  41.01125  2.54220
9151.1600  40.87770  2.47683
9299.1700  40.72375  2.41297
9449.5800  40.54215  2.35073
9602.4200  40.32185  2.28998
9757.7300  40.05000  2.23073
9915.5500  39.60085  2.17271
10075.9000  38.81015  2.11850
10206.7000  31.75810  2.07593
10206.9000  31.75869  5.18979
10238.9000  37.44910  5.16030
10404.5000  39.24830  5.01184
10572.8000  39.81390  4.86762
10743.8000  40.11440  4.72756
10917.6000  40.27345  4.59153
11094.2000  40.31890  4.45941
11273.6000  40.22445  4.33108
11455.9000  39.78775  4.20645
11543.9000  36.37669  4.14831
11544.1000  36.37733  5.77641
11641.2000  39.93240  5.69532
11829.5000  40.51055  5.54321
12020.8000  40.60165  5.39511
12099.7000  39.08404  5.33592
12099.9000  39.08439  6.11007
12215.3000  40.98660  6.02224
12412.8000  41.46385  5.87669
12613.6000  41.77925  5.73391
12817.6000  42.02705  5.59394
13025.0000  42.23345  5.45679
13235.6000  42.41050  5.32245
13449.7000  42.56515  5.19086
13667.2000  42.70180  5.06199
13888.3000  42.82355  4.93581
14112.9000  42.93275  4.81234
14341.2000  43.03110  4.69152
14573.1000  43.11995  4.57333
14808.9000  43.20040  4.45773
15048.4000  43.27340  4.34468
15291.8000  43.33970  4.23416
15539.1000  43.39995  4.12614
15790.4000  43.45475  4.02055
16045.8000  43.50460  3.91738
16305.4000  43.54980  3.81659
16569.1000  43.59085  3.71814
16837.1000  43.62805  3.62198
17109.4000  43.66175  3.52809
17386.1000  43.69215  3.43641
17667.4000  43.71950  3.34692
17953.1000  43.74410  3.25956
18243.5000  43.76605  3.17431
18538.6000  43.78560  3.09112
18838.4000  43.80285  3.00994
19143.1000  43.81805  2.93076
19452.7000  43.83135  2.85351
19767.4000  43.84280  2.77816
20087.1000  43.85250  2.70468
20412.0000  43.86070  2.63303
20742.1000  43.86740  2.56316
21077.6000  43.87275  2.49505
21418.5000  43.87675  2.42865
21765.0000  43.87960  2.36392
22117.0000  43.88140  2.30083
22474.7000  43.88210  2.23935
22838.2000  43.88180  2.17943
23207.6000  43.88060  2.12104
23583.0000  43.87860  2.06415
23964.4000  43.87580  2.00873
24352.0000  43.87220  1.95472
24745.9000  43.86800  1.90212
25146.2000  43.86315  1.85088
25552.9000  43.85770  1.80097
25966.2000  43.85165  1.75235
26386.1000  43.84510  1.70501
26812.9000  43.83810  1.65891
27246.6000  43.83065  1.61401
27687.3000  43.82275  1.57029
28135.1000  43.81455  1.52771
28590.2000  43.80600  1.48627
29052.6000  43.79735  1.44590
29522.5000  43.79230  1.40662
30000.0000  43.76660  1.36837
