WSi2
79.49
9.857
E     f1    f2
10.0000  -3297.09847  0.88452
10.1617  -3297.11654  0.91297
10.3261  -3297.13398  0.94264
10.4931  -3297.15089  0.97214
10.6628  -3297.16793  1.00037
10.8353  -3297.18474  1.03019
11.0106  -3297.20090  1.06244
11.1886  -3297.21598  1.09584
11.3696  -3297.23039  1.13044
11.5535  -3297.24427  1.16628
11.7404  -3297.25769  1.20096
11.9303  -3297.27070  1.22987
12.1232  -3297.28336  1.25953
12.3193  -3297.29569  1.28997
12.5186  -3297.30772  1.32122
12.7210  -3297.31947  1.35329
12.9268  -3297.33092  1.38621
13.1359  -3297.34204  1.42000
13.3483  -3297.35266  1.45468
13.5642  -3297.36247  1.48955
13.7836  -3297.37253  1.52414
14.0066  -3297.38360  1.55967
14.2331  -3297.39491  1.59617
14.4633  -3297.40648  1.63367
14.6973  -3297.41830  1.67219
14.9350  -3297.43040  1.71176
15.1765  -3297.44275  1.75241
15.4220  -3297.45536  1.79417
15.6714  -3297.46815  1.82817
15.9249  -3297.48124  1.86178
16.1825  -3297.49490  1.89592
16.4442  -3297.50927  1.93078
16.7102  -3297.52422  1.96638
16.9805  -3297.53982  1.99892
17.2551  -3297.55611  2.01853
17.5342  -3297.57314  2.03836
17.8178  -3297.59153  2.05841
18.1060  -3297.61103  2.07922
18.3989  -3297.63092  2.10163
18.6964  -3297.65099  2.12427
18.9988  -3297.67164  2.14686
19.3061  -3297.69306  2.15921
19.6184  -3297.71542  2.17163
19.9357  -3297.73929  2.18413
20.2582  -3297.76587  2.19670
20.5858  -3297.79293  2.21380
20.9188  -3297.81885  2.22266
21.2571  -3297.84432  2.21544
21.6009  -3297.86956  2.20852
21.9503  -3297.89435  2.20192
22.3053  -3297.91675  2.19538
22.6661  -3297.94098  2.19441
23.0327  -3297.96766  2.19345
23.4053  -3297.99540  2.19253
23.7838  -3298.02270  2.19164
24.1685  -3298.04890  2.15919
24.5594  -3298.08217  2.10721
24.9566  -3298.12168  2.05649
25.3603  -3298.16401  2.00815
25.7705  -3298.20855  1.96557
26.1873  -3298.26459  1.91955
26.6109  -3298.33298  1.87500
27.0413  -3298.41114  1.83207
27.4786  -3298.49811  1.80558
27.9231  -3298.58699  1.78421
28.3747  -3298.68262  1.76309
28.8337  -3298.79105  1.74263
29.3000  2.33442  1.72249
29.7739  2.19034  1.69364
30.2555  2.02192  1.66564
30.7449  1.82537  1.63846
31.2421  1.59416  1.61581
31.7475  1.32441  1.60208
32.2609  1.00057  1.58890
32.7827  0.58202  1.58046
33.3130  -0.01624  1.58258
33.8518  -1.29535  1.58495
34.3993  -3.14116  1.58155
34.9557  -3.17527  4.34426
35.5211  -0.89871  4.22349
36.0956  -0.27669  3.99505
36.6794  -0.51114  3.84139
37.2727  -0.82728  4.15931
37.8755  -0.99974  4.59601
38.4882  -1.14237  4.94307
39.1107  -1.30967  5.34151
39.7432  -1.46734  5.84175
40.3861  -1.65287  6.37149
41.0393  -1.70824  7.15113
41.7031  -1.48006  7.89541
42.3776  -1.16564  8.45635
43.0630  -0.87499  9.03450
43.7595  -0.49413  9.50141
44.4673  -0.16005  9.90526
45.1865  0.14116  10.37003
45.9174  0.52798  10.89863
46.6600  1.14628  11.39140
47.4147  1.90508  11.62643
48.1816  2.39839  11.54355
48.9609  2.69854  11.63553
49.7528  2.97454  11.85230
50.5576  3.33217  12.03921
51.3753  3.72814  12.36463
52.2062  4.24836  12.58529
53.0506  4.68854  12.73443
53.9087  5.27972  13.05147
54.7806  5.96204  12.86549
55.6667  6.38946  12.84053
56.5670  6.81676  12.88230
57.4820  7.40880  12.96598
58.4117  8.00873  12.85999
59.3564  8.67615  12.73363
60.3165  9.36970  12.42500
61.2921  9.86779  11.81882
62.2834  10.04698  11.24539
63.2908  10.07852  10.87220
64.3145  10.16219  10.67692
65.3547  10.30421  10.46019
66.4118  10.43666  10.24980
67.4859  10.55680  10.03801
68.5775  10.64827  9.83262
69.6867  10.71916  9.66542
70.8138  10.80635  9.51797
71.9591  10.89072  9.37950
73.1230  10.97998  9.25010
74.3057  11.06979  9.12319
75.5076  11.15488  8.99868
76.7289  11.23904  8.88698
77.9699  11.33897  8.77851
79.2310  11.43346  8.63885
80.5125  11.50940  8.50154
81.8147  11.56426  8.36653
83.1380  11.60824  8.26495
84.4827  11.66392  8.16624
85.8491  11.72112  8.06873
87.2377  11.78028  7.97241
88.6487  11.83482  7.86763
90.0825  11.88020  7.76171
91.5395  11.91639  7.66651
93.0201  11.95071  7.57264
94.5246  11.97974  7.48010
96.0535  12.00096  7.38885
97.6071  12.00707  7.29919
99.1858  12.00549  7.23748
100.7900  12.01325  7.17698
102.4200  12.01376  7.11766
104.0770  12.00448  7.07959
105.7600  12.00835  7.05451
107.4710  12.01939  7.02746
109.2090  12.02949  7.00253
110.9750  12.03573  6.98296
112.7700  12.04506  6.97806
114.5940  12.06395  6.97588
116.4480  12.08825  6.97643
118.3310  12.11870  6.97626
120.2450  12.15020  6.97420
122.1900  12.18185  6.97456
124.1660  12.21555  6.97736
126.1750  12.25286  6.98262
128.2150  12.29501  6.99071
130.2890  12.34463  6.99019
132.3970  12.38724  6.98675
134.5380  12.42788  6.98644
136.7140  12.46909  6.98929
138.9250  12.51337  6.99527
141.1720  12.56480  7.00440
143.4560  12.62426  6.99279
145.7760  12.66686  6.97792
148.1340  12.70115  6.96515
150.5300  12.72599  6.95448
152.9640  12.73757  6.96003
155.4390  12.75841  6.98392
157.9530  12.78901  7.01080
160.5070  12.82631  7.04074
163.1030  12.87205  7.07347
165.7420  12.92362  7.09454
168.4220  12.96970  7.11712
171.1460  13.01711  7.14251
173.9150  13.07011  7.17072
176.7270  13.12652  7.18783
179.5860  13.17457  7.20564
182.4910  13.22030  7.22578
185.4420  13.26271  7.24815
188.4420  13.30237  7.27837
191.4890  13.34754  7.31325
194.5870  13.39524  7.35065
197.7340  13.44541  7.39046
200.9320  13.49845  7.43276
204.1820  13.55741  7.47748
207.4850  13.62029  7.51715
210.8400  13.68028  7.55592
214.2510  13.73991  7.59718
217.7160  13.80038  7.64083
221.2370  13.86235  7.68691
224.8160  13.92610  7.73540
228.4520  13.99207  7.78628
232.1470  14.06061  7.83953
235.9020  14.13208  7.89517
239.7170  14.20676  7.95319
243.5950  14.28490  8.01357
247.5350  14.36705  8.07816
251.5380  14.45620  8.14659
255.6070  14.55371  8.21720
259.7410  14.66107  8.29002
263.9420  14.78556  8.36501
268.2110  14.93658  8.44220
272.5490  15.09803  8.45177
276.9570  15.23131  8.45896
281.4370  15.35577  8.46649
285.9890  15.47391  8.47208
290.6150  15.58685  8.47861
295.3150  15.69730  8.48601
300.0920  15.80791  8.49429
304.9450  15.92073  8.49978
309.8780  16.02833  8.50001
314.8900  16.13311  8.50098
319.9830  16.23577  8.50109
325.1580  16.33538  8.50039
330.4180  16.43252  8.50056
335.7620  16.52850  8.50157
341.1920  16.62439  8.50105
346.7110  16.71606  8.49949
352.3190  16.80458  8.49869
358.0170  16.88996  8.49855
363.8080  16.96978  8.49918
369.6920  17.04049  8.50203
375.6720  17.11244  8.52771
381.7480  17.19331  8.55430
387.9220  17.27766  8.58288
394.1970  17.36690  8.61369
400.5730  17.46021  8.64516
407.0520  17.55669  8.67729
413.6350  17.65511  8.71009
420.3260  17.75731  8.74908
427.1240  17.86792  8.78949
434.0320  17.98671  8.83059
441.0520  18.11724  8.87240
448.1860  18.26702  8.91489
455.4350  18.43118  8.92310
462.8020  18.59585  8.90549
470.2870  18.73450  8.87531
477.8940  18.86059  8.84516
485.6230  18.97946  8.81533
493.4780  19.09296  8.78589
501.4590  19.20267  8.75707
509.5700  19.31013  8.72828
517.8120  19.41867  8.69755
526.1870  19.52463  8.65971
534.6980  19.62730  8.60743
543.3460  19.70923  8.54856
552.1340  19.77653  8.49079
561.0650  19.82766  8.42910
570.1390  19.84582  8.37105
579.3610  19.85247  8.34994
588.7320  19.85345  8.33878
598.2540  19.85149  8.33410
607.9300  19.83122  8.32966
617.7630  19.77525  8.32508
627.7550  19.64994  8.31846
637.9080  19.31121  8.28553
648.2260  14.98733  8.21399
658.7110  15.13831  10.66450
669.3650  16.43463  10.57564
680.1910  20.05669  10.43916
691.1930  20.77280  10.31407
702.3720  21.25614  10.19206
713.7330  21.64494  10.05841
725.2770  21.96327  9.91755
737.0080  22.23977  9.78046
748.9280  22.48602  9.64207
761.0420  22.70887  9.50513
773.3510  22.91436  9.36819
785.8590  23.10703  9.22726
798.5700  23.28021  9.08353
811.4860  23.43873  8.94174
824.6110  23.58527  8.80194
837.9490  23.72190  8.66419
851.5020  23.84955  8.52706
865.2740  23.96910  8.39052
879.2690  24.07940  8.25494
893.4910  24.18183  8.12135
907.9430  24.27753  7.98977
922.6280  24.36784  7.86015
937.5510  24.45210  7.72962
952.7150  24.53002  7.60029
968.1240  24.60100  7.47230
983.7830  24.66643  7.34649
999.6950  24.72744  7.22211
1015.8600  24.78436  7.09928
1032.2900  24.83588  6.97365
1048.9900  24.88120  6.84883
1065.9600  24.91880  6.72479
1083.2000  24.94992  6.60291
1100.7200  24.97523  6.48318
1118.5200  24.99489  6.36551
1136.6100  25.00908  6.24979
1155.0000  25.01781  6.13616
1173.6800  25.02122  6.02461
1192.6600  25.01932  5.91500
1211.9500  25.01240  5.80735
1231.5500  25.00084  5.70163
1251.4700  24.98419  5.59554
1271.7200  24.96255  5.48895
1292.2900  24.93076  5.38129
1313.1900  24.88998  5.27585
1334.4300  24.84065  5.17237
1356.0100  24.78224  5.07078
1377.9400  24.71421  4.97114
1400.2300  24.63585  4.87342
1422.8800  24.54623  4.77759
1445.8900  24.44426  4.68366
1469.2800  24.32872  4.59132
1493.0400  24.19726  4.50034
1517.1900  24.04690  4.40992
1541.7300  23.87408  4.32118
1566.6700  23.67483  4.23421
1592.0100  23.44337  4.14885
1617.7600  23.17174  4.06523
1643.9200  22.84830  3.98327
1670.5100  22.45509  3.90279
1697.5300  21.96248  3.82396
1724.9900  21.31698  3.74679
1752.8900  20.39976  3.66985
1781.2400  18.84471  3.59421
1809.1000  7.69152  3.52201
1809.3000  7.68885  9.56641
1810.0500  11.79530  9.54758
1839.3200  18.03291  9.39291
1869.0700  16.14934  9.24084
1871.5000  11.97773  9.21581
1871.7000  11.98788  13.42120
1899.3000  20.41206  13.13934
1930.0200  22.11848  12.83843
1961.2400  23.23114  12.54442
1992.9600  24.06461  12.25703
2025.2000  24.72760  11.97890
2057.9500  25.26912  11.70418
2091.2400  25.71477  11.43583
2125.0600  26.07905  11.17377
2159.4300  26.36620  10.91747
2194.3600  26.56736  10.66718
2229.8500  26.64219  10.42260
2265.9200  26.26020  10.18342
2280.9000  24.02833  10.08127
2281.1000  24.03172  11.68926
2302.5700  26.84139  11.51284
2339.8100  27.61302  11.22295
2377.6600  28.08359  10.94027
2416.1100  28.43470  10.66496
2455.1900  28.70668  10.39635
2494.9000  28.90820  10.13506
2535.2600  29.01290  9.88000
2574.8000  28.02794  9.63981
2575.0000  28.02942  10.27502
2576.2600  28.54501  10.26080
2617.9300  29.43809  10.01436
2660.2700  29.74377  9.77418
2703.3000  29.96540  9.54033
2747.0300  30.12813  9.31177
2791.4600  30.20358  9.08880
2819.5000  29.60558  8.95048
2819.7000  29.60577  9.33727
2836.6100  30.31016  9.25700
2882.4900  30.63536  9.05370
2929.1100  30.85754  8.85385
2976.4800  31.05007  8.65762
3024.6300  31.24456  8.46503
3073.5500  31.36221  8.27568
3123.2600  31.45691  8.08947
3173.7800  31.56939  7.90703
3225.1100  31.67158  7.72785
3277.2700  31.76672  7.55236
3330.2800  31.85508  7.38003
3384.1500  31.93715  7.21128
3438.8800  32.01316  7.04568
3494.5000  32.08380  6.88376
3551.0200  32.14900  6.72462
3608.4600  32.20926  6.56898
3666.8200  32.26487  6.41658
3726.1300  32.31625  6.26745
3786.4000  32.36342  6.12122
3847.6400  32.40670  5.97821
3909.8700  32.44648  5.83834
3973.1100  32.48286  5.70129
4037.3800  32.51588  5.56713
4102.6800  32.54584  5.43596
4169.0300  32.57282  5.30758
4236.4600  32.59710  5.18204
4304.9800  32.61872  5.05919
4374.6200  32.63789  4.93902
4445.3700  32.65468  4.82150
4517.2700  32.66920  4.70658
4590.3300  32.68158  4.59418
4664.5800  32.69197  4.48431
4740.0300  32.70033  4.37689
4816.6900  32.70690  4.27183
4894.6000  32.71166  4.16908
4973.7700  32.71470  4.06867
5054.2100  32.71606  3.97055
5135.9600  32.71597  3.87467
5219.0300  32.71426  3.78085
5303.4400  32.71117  3.68920
5389.2200  32.70663  3.59967
5476.3900  32.70063  3.51215
5564.9700  32.69345  3.42668
5654.9800  32.68492  3.34304
5746.4400  32.67513  3.26142
5839.3900  32.66406  3.18164
5933.8300  32.65180  3.10372
6029.8100  32.63835  3.02759
6127.3300  32.62371  2.95325
6226.4400  32.60786  2.88060
6327.1500  32.59081  2.80962
6429.4800  32.57261  2.74033
6533.4800  32.55316  2.67258
6639.1500  32.53242  2.60652
6746.5400  32.51050  2.54193
6855.6500  32.48729  2.47886
6966.5400  32.46262  2.41726
7079.2200  32.43654  2.35717
7193.7200  32.40900  2.29847
7310.0700  32.37985  2.24109
7428.3100  32.34905  2.18513
7548.4500  32.31634  2.13042
7670.5400  32.28164  2.07707
7794.6100  32.24477  2.02492
7920.6800  32.20549  1.97409
8048.7900  32.16354  1.92437
8178.9800  32.11839  1.87581
8311.2600  32.06983  1.82845
8445.6900  32.01722  1.78217
8582.2900  31.95983  1.73699
8721.1100  31.89689  1.69294
8862.1600  31.82715  1.64995
9005.5000  31.74903  1.60789
9151.1600  31.66046  1.56684
9299.1700  31.55735  1.52672
9449.5800  22.04245  1.47282
9602.4200  21.89253  1.43514
9757.7300  21.69710  1.39838
9915.5500  21.41476  1.36235
10075.9000  20.91180  1.32878
10206.7000  16.26121  1.30240
10206.9000  16.26161  3.35755
10238.9000  20.01820  3.33851
10404.5000  21.21062  3.24260
10572.8000  21.58810  3.14943
10743.8000  21.79007  3.05894
10917.6000  21.89827  2.97106
11094.2000  21.93117  2.88569
11273.6000  21.87148  2.80279
11455.9000  21.58570  2.72226
11543.9000  19.33546  2.68468
11544.1000  19.33589  3.75923
11641.2000  21.68341  3.70659
11829.5000  22.06710  3.60782
12020.8000  22.12917  3.51166
12099.7000  21.12832  3.47322
12099.9000  21.12855  3.98416
12215.3000  22.38512  3.92710
12412.8000  22.70185  3.83252
12613.6000  22.91167  3.73972
12817.6000  23.07677  3.64874
13025.0000  23.21448  3.55958
13235.6000  23.33275  3.47223
13449.7000  23.43617  3.38666
13667.2000  23.52765  3.30284
13888.3000  23.60926  3.22076
14112.9000  23.68252  3.14043
14341.2000  23.74855  3.06182
14573.1000  23.80828  2.98490
14808.9000  23.86243  2.90967
15048.4000  23.91160  2.83609
15291.8000  23.95635  2.76414
15539.1000  23.99704  2.69381
15790.4000  24.03410  2.62506
16045.8000  24.06786  2.55788
16305.4000  24.09855  2.49223
16569.1000  24.12643  2.42811
16837.1000  24.15178  2.36547
17109.4000  24.17474  2.30430
17386.1000  24.19553  2.24458
17667.4000  24.21431  2.18626
17953.1000  24.23121  2.12934
18243.5000  24.24635  2.07378
18538.6000  24.25988  2.01956
18838.4000  24.27190  1.96665
19143.1000  24.28252  1.91504
19452.7000  24.29186  1.86468
19767.4000  24.29998  1.81556
20087.1000  24.30694  1.76765
20412.0000  24.31288  1.72093
20742.1000  24.31780  1.67537
21077.6000  24.32183  1.63094
21418.5000  24.32496  1.58764
21765.0000  24.32730  1.54542
22117.0000  24.32892  1.50426
22474.7000  24.32981  1.46415
22838.2000  24.33004  1.42506
23207.6000  24.32968  1.38696
23583.0000  24.32876  1.34984
23964.4000  24.32727  1.31367
24352.0000  24.32529  1.27843
24745.9000  24.32288  1.24410
25146.2000  24.32001  1.21065
25552.9000  24.31674  1.17807
25966.2000  24.31308  1.14633
26386.1000  24.30909  1.11543
26812.9000  24.30476  1.08532
27246.6000  24.30014  1.05601
27687.3000  24.29523  1.02746
28135.1000  24.29008  0.99966
28590.2000  24.28470  0.97259
29052.6000  24.27925  0.94623
29522.5000  24.27605  0.92057
30000.0000  24.25945  0.89558
